0.02606 139.122
0.059427 131.798
0.12616 132.128
0.159527 131.936
0.22626 135.869
0.259627 128.664
0.32636 127.534
0.359727 134.036
0.42646 125.744
0.459827 137.801
0.52656 141.368
0.559927 141.788
0.62666 142.505
0.660027 140.397
0.72676 135.407
0.760127 145.682
0.82686 138.53
0.860227 136.099
0.92696 139.188
0.960327 133.618
1.02706 133.188
1.06043 141.803
1.12716 138.645
1.16053 145.229
1.22726 132.356
1.26063 137.933
1.32736 133.384
1.36073 137.62
1.42746 133.436
1.46083 128.881
1.52756 132.544
1.56093 135.898
1.62766 143.271
1.66103 128.091
1.72776 137.453
1.76113 131.823
1.82786 125.278
1.86123 132.024
1.92796 132.779
1.96133 133.703
2.02806 138.758
2.06143 134.927
2.12816 141.419
2.16153 137.821
2.22826 129.219
2.26163 131.104
2.32836 135.165
2.36173 140.847
2.42846 138.772
2.46183 139.4
2.52856 138.451
2.56193 141.805
2.62866 142.074
2.66203 146.74
2.72876 143.563
2.76213 136.139
2.82886 130.255
2.86223 138.899
2.92896 132.757
2.96233 129.639
3.02906 137.894
3.06243 133.006
3.12916 134.685
3.16253 140.646
3.22926 131.78
3.26263 127.262
3.32936 135.177
3.36273 133.596
3.42946 130.493
3.46283 133.088
3.52956 127.112
3.56293 128.515
3.62966 138.208
3.66303 136.706
3.72976 132.508
3.76313 128.59
3.82986 139.088
3.86323 131.703
3.92996 138.302
3.96333 141.065
4.03006 142.234
4.06343 137.687
4.13016 127.069
4.16353 132.195
4.23026 137.614
4.26363 127.702
4.33036 136.569
4.36373 134.049
4.43046 141.53
4.46383 127.968
4.53056 142.178
4.56393 140.531
4.63066 137.412
4.66403 144.035
4.73076 138.063
4.76413 147.413
4.83086 130.042
4.86423 134.056
4.93096 135.529
4.96433 132.191
5.03106 135.546
5.06443 137.134
5.13116 126.701
5.16453 134.404
5.23126 141.77
5.26463 133.753
5.33136 137.804
5.36473 137.107
5.43146 138.277
5.46483 126.511
5.53156 135.705
5.56493 142.024
5.63166 138.302
5.66503 127.165
5.73176 136.448
5.76513 136.003
5.83186 135.684
5.86523 142.203
5.93196 134.225
5.96533 133.174
6.03206 132.976
6.06543 135.051
6.13216 139.115
6.16553 132.081
6.23226 148.501
6.26563 141.291
6.33236 136.79
6.36573 134.45
6.43246 134.872
6.46583 142.074
6.53256 137.167
6.56593 141.363
6.63266 129.157
6.66603 129.685
6.73276 146.115
6.76613 134.246
6.83286 140.03
6.86623 136.612
6.93296 143.376
6.96633 140.858
7.03306 141.778
7.06643 140.05
7.13316 143.967
7.16653 135.697
7.23326 139.437
7.26663 134.813
7.33336 133.169
7.36673 138.944
7.43346 130.859
7.46683 138.105
7.53356 139.814
7.56693 139.222
7.63366 137.439
7.66703 142.851
7.73376 140.028
7.76713 141.234
7.83386 143.965
7.86723 142.842
7.93396 145.865
7.96733 134.594
8.03406 149.541
8.06743 149.214
8.13416 150.9
8.16753 134.988
8.23426 138.717
8.26763 138.476
8.33436 144.503
8.36773 146.701
8.43446 131.666
8.46783 135.285
8.53456 134.883
8.56793 133.453
8.63466 135.231
8.66803 133.227
8.73476 140.211
8.76813 133.54
8.83486 149.378
8.86823 133.595
8.93496 139.736
8.96833 136.757
9.03506 134.886
9.06843 137.652
9.13516 131.029
9.16853 144.154
9.23526 144.576
9.26863 144.219
9.33536 129.385
9.36873 131.971
9.43546 143.416
9.46883 134.951
9.53556 145.647
9.56893 145.081
9.63566 134.818
9.66903 136.039
9.73576 138.018
9.76913 126.295
9.83586 133.84
9.86923 139.856
9.93596 133.682
9.96933 146.447
10.0361 139.348
10.0694 130.187
10.1362 140.604
10.1695 133.622
10.2363 135.717
10.2696 137.952
10.3364 139.982
10.3697 143.012
10.4365 148.17
10.4698 138.775
10.5366 135.904
10.5699 136.461
10.6367 154.608
10.67 140.68
10.7368 141.272
10.7701 134.42
10.8369 150.308
10.8702 134.474
10.937 131.803
10.9703 136.048
11.0371 144.37
11.0704 140.717
11.1372 140.584
11.1705 140.277
11.2373 136.673
11.2706 144.442
11.3374 138.673
11.3707 142.575
11.4375 142.703
11.4708 132.884
11.5376 138.019
11.5709 140.917
11.6377 127.179
11.671 142.824
11.7378 135.5
11.7711 135.292
11.8379 136.063
11.8712 128.925
11.938 137.314
11.9713 140.226
12.0381 140.312
12.0714 143.562
12.1382 141.68
12.1715 134.653
12.2383 142.739
12.2716 138.8
12.3384 147.435
12.3717 139.435
12.4385 143.885
12.4718 128.419
12.5386 139.013
12.5719 138.982
12.6387 134.764
12.672 140.78
12.7388 138.094
12.7721 139.321
12.8389 141.548
12.8722 137.678
12.939 145.278
12.9723 142.938
13.0391 140.741
13.0724 134.809
13.1392 139.943
13.1725 141.968
13.2393 135.205
13.2726 145.624
13.3394 140.937
13.3727 145.441
13.4395 134.343
13.4728 136.716
13.5396 141.967
13.5729 137.394
13.6397 136.964
13.673 136.413
13.7398 129.669
13.7731 135.699
13.8399 131.417
13.8732 135.524
13.94 142.936
13.9733 143.892
14.0401 141.369
14.0734 136.491
14.1402 142.891
14.1735 142.865
14.2403 135.687
14.2736 136.198
14.3404 140.985
14.3737 148.218
14.4405 148.721
14.4738 148.289
14.5406 144.525
14.5739 145.259
14.6407 139.098
14.674 130.216
14.7408 139.99
14.7741 137.162
14.8409 139.546
14.8742 141.824
14.941 132.326
14.9743 139.591
15.0411 136.787
15.0744 141.476
15.1412 142.216
15.1745 135.698
15.2413 141.856
15.2746 135.674
15.3414 142.052
15.3747 148.435
15.4415 141.584
15.4748 141.181
15.5416 141.375
15.5749 148.138
15.6417 136.415
15.675 142.252
15.7418 135.919
15.7751 138.256
15.8419 133.217
15.8752 137.201
15.942 149.056
15.9753 135.011
16.0421 130.515
16.0754 135.891
16.1422 135.001
16.1755 141.325
16.2423 136.699
16.2756 136.307
16.3424 133.24
16.3757 135.747
16.4425 131.98
16.4758 144.983
16.5426 146.867
16.5759 132.178
16.6427 136.887
16.676 144.43
16.7428 137.69
16.7761 139.659
16.8429 139.1
16.8762 137.341
16.943 133.864
16.9763 130.283
17.0431 134.475
17.0764 130.518
17.1432 136.471
17.1765 139.513
17.2433 141.076
17.2766 148.451
17.3434 134.451
17.3767 141.793
17.4435 138.182
17.4768 139.684
17.5436 143.869
17.5769 137.722
17.6437 148.097
17.677 142.156
17.7438 147.955
17.7771 136.848
17.8439 137.002
17.8772 132.065
17.944 133.971
17.9773 141.017
18.0441 136.649
18.0774 140.408
18.1442 131.665
18.1775 130.222
18.2443 141.792
18.2776 141.999
18.3444 133.437
18.3777 131.41
18.4445 148.444
18.4778 132.993
18.5446 137.736
18.5779 138.254
18.6447 134.444
18.678 140.54
18.7448 138.991
18.7781 140.922
18.8449 144.895
18.8782 151.858
18.945 134.061
18.9783 142.645
19.0451 136.46
19.0784 136.003
19.1452 139.089
19.1785 140.286
19.2453 137.832
19.2786 129.339
19.3454 134.951
19.3787 132.657
19.4455 142.196
19.4788 142.705
19.5456 145.136
19.5789 144.909
19.6457 139.523
19.679 148.153
19.7458 146.639
19.7791 137.647
19.8459 130.455
19.8792 135.146
19.946 148.344
19.9793 140.91
20.0461 140.195
20.0794 136.708
20.1462 137.44
20.1795 141.749
20.2463 140.215
20.2796 127.527
20.3464 134.24
20.3797 142.873
20.4465 146.298
20.4798 144.095
20.5466 135.006
20.5799 134.673
20.6467 137.932
20.68 148.761
20.7468 141.962
20.7801 141.127
20.8469 146.192
20.8802 130.558
20.947 141.717
20.9803 147.097
21.0471 140.457
21.0804 141.438
21.1472 135.225
21.1805 149.219
21.2473 138.441
21.2806 136.262
21.3474 142.074
21.3807 144.331
21.4475 142.218
21.4808 136.493
21.5476 134.302
21.5809 134.879
21.6477 143.039
21.681 134.539
21.7478 140.79
21.7811 132.206
21.8479 143.584
21.8812 144.133
21.948 138.219
21.9813 144.894
22.0481 128.688
22.0814 130.324
22.1482 128.388
22.1815 138.052
22.2483 132.326
22.2816 129.346
22.3484 130.036
22.3817 143.425
22.4485 132.777
22.4818 135.986
22.5486 132.877
22.5819 133.012
22.6487 140.467
22.682 135.358
22.7488 129.927
22.7821 135.177
22.8489 132.444
22.8822 138.213
22.949 145.92
22.9823 139.655
23.0491 139.755
23.0824 141.257
23.1492 134.404
23.1825 133.884
23.2493 131.625
23.2826 132.464
23.3494 131.34
23.3827 128.652
23.4495 136.879
23.4828 131.569
23.5496 134.557
23.5829 132.821
23.6497 141.799
23.683 144.469
23.7498 136.451
23.7831 139.583
23.8499 138.622
23.8832 151.896
23.95 147.898
23.9833 139.526
24.0501 134.514
24.0834 137.861
24.1502 130.665
24.1835 135.022
24.2503 139.67
24.2836 145.465
24.3504 137.486
24.3837 141.85
24.4505 144.222
24.4838 138.137
24.5506 127.646
24.5839 132.821
24.6507 144.432
24.684 131
24.7508 136.56
24.7841 138.753
24.8509 138.183
24.8842 147.278
24.951 140.873
24.9843 135.8
25.0511 144.296
25.0844 137.661
25.1512 140.432
25.1845 136.671
25.2513 139.731
25.2846 136.359
25.3514 143.11
25.3847 136.581
25.4515 138.724
25.4848 138.154
25.5516 135.777
25.5849 140.345
25.6517 125.028
25.685 138.165
25.7518 129.665
25.7851 139.306
25.8519 132.806
25.8852 134.762
25.952 141.121
25.9853 139.118
26.0521 138.655
26.0854 138.129
26.1522 134.303
26.1855 136.162
26.2523 132.545
26.2856 135.18
26.3524 139.465
26.3857 138.698
26.4525 144.15
26.4858 136.965
26.5526 136.254
26.5859 135.751
26.6527 134.924
26.686 130.724
26.7528 142.625
26.7861 137.996
26.8529 137.293
26.8862 130.388
26.953 137.556
26.9863 145.613
27.0531 134.495
27.0864 135.812
27.1532 141.833
27.1865 135.224
27.2533 138.831
27.2866 138.677
27.3534 134.526
27.3867 137.297
27.4535 141.994
27.4868 136.115
27.5536 136.01
27.5869 135.753
27.6537 139.963
27.687 135.732
27.7538 140.449
27.7871 139.461
27.8539 144.265
27.8872 131.156
27.954 133.665
27.9873 139.36
28.0541 147.857
28.0874 135.681
28.1542 146.596
28.1875 143.823
28.2543 145.651
28.2876 140.724
28.3544 151.285
28.3877 141.476
28.4545 148.776
28.4878 150.157
28.5546 154.212
28.5879 150.26
28.6547 156.584
28.688 146.689
28.7548 155.621
28.7881 148.06
28.8549 158.615
28.8882 157.256
28.955 151.995
28.9883 150.703
29.0551 152.698
29.0884 153.071
29.1552 157.687
29.1885 156.7
29.2553 161.601
29.2886 154.198
29.3554 156.675
29.3887 155.824
29.4555 168.708
29.4888 163.084
29.5556 165.155
29.5889 168.133
29.6557 166.489
29.689 159.608
29.7558 167.81
29.7891 162.312
29.8559 163.414
29.8892 168.015
29.956 166.218
29.9893 174.982
30.0561 172.363
30.0894 172.285
30.1562 179.127
30.1895 164.488
30.2563 176.229
30.2896 176.487
30.3564 174.536
30.3897 178.868
30.4565 166.555
30.4898 176.451
30.5566 171.778
30.5899 178.981
30.6567 174.172
30.69 179.882
30.7568 173.996
30.7901 183.971
30.8569 182.555
30.8902 182.754
30.957 -183.67
30.9903 -176.769
31.0571 -175.362
31.0904 -180.221
31.1572 -177.861
31.1905 -176.916
31.2573 -183.343
31.2906 -173.255
31.3574 -184.456
31.3907 -175.09
31.4575 -178.777
31.4908 -171.662
31.5576 -182.937
31.5909 -178.962
31.6577 -183.618
31.691 -167.268
31.7578 -182.006
31.7911 -175.996
31.8579 -172.49
31.8912 186.87
31.958 182.244
31.9913 169.025
32.0581 177.076
32.0914 176.116
32.1582 -177.991
32.1915 -182.241
32.2583 -175.572
32.2916 -179.24
32.3584 -183.45
32.3917 -177.009
32.4585 -179.844
32.4918 -174.984
32.5586 -173.514
32.5919 -177.421
32.6587 -176.856
32.692 -178.902
32.7588 186.651
32.7921 166.408
32.8589 178.578
32.8922 185.997
32.959 174.692
32.9923 177.039
33.0591 180.384
33.0924 177.74
33.1592 180.823
33.1925 180.133
33.2593 178.156
33.2926 -175.457
33.3594 -178.811
33.3927 -170.614
33.4595 -179.03
33.4928 -177.747
33.5596 -184.553
33.5929 -182.038
33.6597 -173.162
33.693 -182.306
33.7598 -177.721
33.7931 -183.371
33.8599 -180.624
33.8932 174.048
33.96 179.964
33.9933 180.684
34.0601 178.113
34.0934 170.676
34.1602 180.098
34.1935 168.019
34.2603 173.826
34.2936 174.336
34.3604 173.914
34.3937 176.268
34.4605 167.059
34.4938 161.116
34.5606 167.835
34.5939 168.697
34.6607 168.389
34.694 166.245
34.7608 159.934
34.7941 166.612
34.8609 166.972
34.8942 157.818
34.961 157.235
34.9943 164.232
35.0611 165.261
35.0944 166.745
35.1612 157.242
35.1945 151.905
35.2613 154.331
35.2946 152.602
35.3614 150.443
35.3947 158.873
35.4615 149.907
35.4948 157.274
35.5616 145.305
35.5949 148.223
35.6617 155.455
35.695 151.312
35.7618 155.901
35.7951 156.378
35.8619 155.466
35.8952 152.871
35.962 156.28
35.9953 147.468
36.0621 153.131
36.0954 151.019
36.1622 144.308
36.1955 149.318
36.2623 152.869
36.2956 142.218
36.3624 154.206
36.3957 147.556
36.4625 139.496
36.4958 141.894
36.5626 146.122
36.5959 137.496
36.6627 136.382
36.696 142.841
36.7628 139.075
36.7961 142.206
36.8629 144.135
36.8962 137.278
36.963 136.975
36.9963 141.778
37.0631 141.562
37.0964 139.636
37.1632 140.444
37.1965 137.629
37.2633 133.425
37.2966 128.286
37.3634 126.552
37.3967 129.901
37.4635 124.909
37.4968 144.702
37.5636 129.92
37.5969 124.073
37.6637 129.31
37.697 136.729
37.7638 140.487
37.7971 117.429
37.8639 132.381
37.8972 131.264
37.964 126.672
37.9973 132.994
38.0641 138.106
38.0974 127.6
38.1642 135.488
38.1975 131.117
38.2643 133.401
38.2976 135.362
38.3644 130.519
38.3977 127.113
38.4645 127.109
38.4978 130.634
38.5646 134.565
38.5979 118.556
38.6647 133.959
38.698 126.235
38.7648 121.966
38.7981 121.267
38.8649 139.329
38.8982 136.841
38.965 132.811
38.9983 124.753
39.0651 123.22
39.0984 115.92
39.1652 125.225
39.1985 132.667
39.2653 131.577
39.2986 136.987
39.3654 133.855
39.3987 126.054
39.4655 131.366
39.4988 117.376
39.5656 120.56
39.5989 118.918
39.6657 118.026
39.699 116.906
39.7658 127.765
39.7991 114.788
39.8659 111.912
39.8992 111.108
39.966 116.939
39.9993 112.07
40.0661 109.793
40.0994 113.185
40.1662 118.661
40.1995 113.418
40.2663 103.501
40.2996 101.563
40.3664 116.166
40.3997 107.672
40.4665 109.642
40.4998 104.309
40.5666 105.783
40.5999 103.485
40.6667 113.184
40.7 106.385
40.7668 98.2537
40.8001 98.3574
40.8669 98.3112
40.9002 97.8956
40.967 93.2411
41.0003 97.1271
41.0671 86.2545
41.1004 97.2687
41.1672 96.862
41.2005 98.3573
41.2673 98.0473
41.3006 94.2123
41.3674 90.1155
41.4007 97.6677
41.4675 98.82
41.5008 97.8745
41.5676 103.36
41.6009 102.398
41.6677 96.7156
41.701 91.3771
41.7678 96.2671
41.8011 96.4969
41.8679 97.5372
41.9012 97.7332
41.968 95.5914
42.0013 88.3054
42.0681 98.5862
42.1014 87.4327
42.1682 93.8095
42.2015 89.6308
42.2683 93.0017
42.3016 93.1783
42.3684 103.136
42.4017 100.51
42.4685 95.4516
42.5018 95.9613
42.5686 91.488
42.6019 93.375
42.6687 88.6501
42.702 91.7055
42.7688 94.1689
42.8021 84.4249
42.8689 95.2272
42.9022 103.897
42.969 96.9004
43.0023 95.742
43.0691 96.5605
43.1024 103.713
43.1692 86.4117
43.2025 89.3777
43.2693 90.1869
43.3026 95.4507
43.3694 91.7145
43.4027 90.3832
43.4695 100.045
43.5028 87.7603
43.5696 91.7758
43.6029 92.0214
43.6697 92.3708
43.703 94.4973
43.7698 101.375
43.8031 96.8228
43.8699 87.0561
43.9032 90.9837
43.97 87.7982
44.0033 102.787
44.0701 104.359
44.1034 89.7158
44.1702 102.298
44.2035 90.0761
44.2703 92.7083
44.3036 96.35
44.3704 93.5387
44.4037 104.427
44.4705 99.1099
44.5038 94.382
44.5706 100.788
44.6039 95.2106
44.6707 103.666
44.704 102.02
44.7708 102.425
44.8041 104.292
44.8709 95.019
44.9042 93.96
44.971 105.568
45.0043 89.524
45.0711 93.5947
45.1044 93.7551
45.1712 97.2602
45.2045 95.8348
45.2713 101.936
45.3046 100.776
45.3714 98.2142
45.4047 94.456
45.4715 101.325
45.5048 94.9611
45.5716 96.9387
45.6049 97.3239
45.6717 94.8126
45.705 101.131
45.7718 90.4801
45.8051 96.841
45.8719 95.9228
45.9052 97.7851
45.972 90.2955
46.0053 101.634
46.0721 97.3196
46.1054 95.6872
46.1722 100.967
46.2055 95.9144
46.2723 100.803
46.3056 94.3235
46.3724 99.7382
46.4057 101.888
46.4725 90.9847
46.5058 97.372
46.5726 104.016
46.6059 100.708
46.6727 102.882
46.706 105.492
46.7728 102.491
46.8061 103.046
46.8729 98.0079
46.9062 95.3293
46.973 95.2959
47.0063 104.505
47.0731 99.8872
47.1064 91.942
47.1732 100.848
47.2065 98.8611
47.2733 94.3768
47.3066 97.639
47.3734 95.3379
47.4067 89.8621
47.4735 102.828
47.5068 94.0559
47.5736 103.357
47.6069 94.0883
47.6737 111.762
47.707 103.036
47.7738 98.1581
47.8071 101.469
47.8739 99.0046
47.9072 102.09
47.974 107.107
48.0073 99.5366
48.0741 91.4765
48.1074 102.019
48.1742 90.7037
48.2075 97.5793
48.2743 94.9098
48.3076 95.0472
48.3744 93.883
48.4077 97.5428
48.4745 94.2224
48.5078 88.4995
48.5746 94.8984
48.6079 90.82
48.6747 105.268
48.708 99.6846
48.7748 89.3499
48.8081 97.9958
48.8749 93.2013
48.9082 90.5956
48.975 98.2549
49.0083 107.48
49.0751 94.2401
49.1084 91.6214
49.1752 87.7842
49.2085 92.2845
49.2753 98.9346
49.3086 88.0282
49.3754 98.4895
49.4087 95.7619
49.4755 95.0731
49.5088 89.4575
49.5756 98.3599
49.6089 93.89
49.6757 92.9996
49.709 94.2945
49.7758 79.9707
49.8091 102.146
49.8759 96.879
49.9092 99.7067
49.976 94.2806
50.0093 84.2558
50.0761 91.4428
50.1094 95.8891
50.1762 95.4353
50.2095 97.5843
50.2763 99.4903
50.3096 99.8561
50.3764 93.2389
50.4097 95.5082
50.4765 91.1206
50.5098 96.6146
50.5766 91.3033
50.6099 97.033
50.6767 98.5116
50.71 108.503
50.7768 98.1759
50.8101 90.7719
50.8769 96.5711
50.9102 91.6498
50.977 96.6645
51.0103 95.537
51.0771 106.701
51.1104 99.535
51.1772 89.8113
51.2105 89.9465
51.2773 95.6401
51.3106 87.8277
51.3774 96.2701
51.4107 94.3102
51.4775 97.9697
51.5108 90.984
51.5776 93.8323
51.6109 94.4485
51.6777 91.0834
51.711 96.2922
51.7778 97.155
51.8111 97.3871
51.8779 92.9325
51.9112 86.1806
51.978 94.1868
52.0113 87.8668
52.0781 93.8687
52.1114 93.4835
52.1782 101.592
52.2115 93.2253
52.2783 87.188
52.3116 92.3139
52.3784 85.7347
52.4117 97.5918
52.4785 88.1983
52.5118 82.8681
52.5786 88.7603
52.6119 93.8818
52.6787 90.4539
52.712 100.734
52.7788 88.2386
52.8121 93.1968
52.8789 89.5209
52.9122 94.4337
52.979 90.0233
53.0123 93.3667
53.0791 99.4844
53.1124 87.809
53.1792 91.5649
53.2125 90.2267
53.2793 86.1622
53.3126 97.3596
53.3794 98.1778
53.4127 90.5422
53.4795 94.7238
53.5128 93.4334
53.5796 90.8557
53.6129 89.4115
53.6797 106.123
53.713 92.5114
53.7798 91.9038
53.8131 92.2379
53.8799 102.9
53.9132 94.7402
53.98 90.1346
54.0133 99.9507
54.0801 95.8522
54.1134 92.2642
54.1802 96.7998
54.2135 95.9865
54.2803 92.5939
54.3136 101.619
54.3804 95.5552
54.4137 97.4101
54.4805 91.1768
54.5138 93.0663
54.5806 91.7516
54.6139 90.8641
54.6807 104.757
54.714 93.9171
54.7808 94.2876
54.8141 92.8987
54.8809 96.3446
54.9142 105.604
54.981 105.865
55.0143 94.7695
55.0811 90.0406
55.1144 98.9609
55.1812 95.221
55.2145 93.1503
55.2813 93.5866
55.3146 90.3093
55.3814 89.566
55.4147 91.6304
55.4815 96.022
55.5148 102.148
55.5816 96.604
55.6149 97.271
55.6817 92.1381
55.715 91.4046
55.7818 93.3948
55.8151 93.2651
55.8819 81.676
55.9152 97.2088
55.982 84.7914
56.0153 87.6842
56.0821 84.9703
56.1154 86.045
56.1822 90.2491
56.2155 79.4003
56.2823 85.0988
56.3156 87.9297
56.3824 87.6037
56.4157 88.6118
56.4825 83.7694
56.5158 98.0505
56.5826 94.6817
56.6159 105.249
56.6827 103.578
56.716 102.429
56.7828 95.3909
56.8161 98.886
56.8829 100.987
56.9162 94.5894
56.983 94.4042
57.0163 91.3144
57.0831 96.9014
57.1164 103.708
57.1832 83.856
57.2165 76.5451
57.2833 83.6807
57.3166 83.8163
57.3834 74.9801
57.4167 79.1189
57.4835 62.1338
57.5168 64.1955
57.5836 53.3555
57.6169 48.7908
57.6837 49.8267
57.717 49.1588
57.7838 36.1002
57.8171 31.4556
57.8839 40.7508
57.9172 38.8693
57.984 39.9237
58.0173 29.6221
58.0841 31.3029
58.1174 28.6228
58.1842 36.8107
58.2175 23.3948
58.2843 16.3656
58.3176 22.5768
58.3844 8.16766
58.4177 6.93828
58.4845 -2.43525
58.5178 1.61164
58.5846 -18.5848
58.6179 -7.67227
58.6847 -15.4789
58.718 -19.1607
58.7848 -16.9977
58.8181 -24.8408
58.8849 -27.9487
58.9182 -32.5456
58.985 -36.9681
59.0183 -30.6093
59.0851 -36.7301
59.1184 -34.4603
59.1852 -32.9806
59.2185 -32.5062
59.2853 -36.629
59.3186 -37.8989
59.3854 -49.111
59.4187 -52.4818
59.4855 -41.5513
59.5188 -44.6886
59.5856 -45.3074
59.6189 -47.041
59.6857 -40.4716
59.719 -47.7002
59.7858 -59.4464
59.8191 -51.9654
59.8859 -52.7351
59.9192 -60.2638
59.986 -65.969
60.0193 -63.0936
60.0861 -70.3175
60.1194 -60.5436
60.1862 -76.2628
60.2195 -77.64
60.2863 -82.3646
60.3196 -78.5281
60.3864 -85.751
60.4197 -85.9958
60.4865 -83.8725
60.5198 -94.3334
60.5866 -88.3826
60.6199 -97.5057
60.6867 -100.988
60.72 -96.0093
60.7868 -96.1932
60.8201 -100.912
60.8869 -103.567
60.9202 -91.1535
60.987 -103.221
61.0203 -99.6289
61.0871 -111.552
61.1204 -99.9687
61.1872 -116.568
61.2205 -109.617
61.2873 -118.902
61.3206 -120.382
61.3874 -116.545
61.4207 -126.882
61.4875 -124.272
61.5208 -133.72
61.5876 -135.77
61.6209 -140.645
61.6877 -143.802
61.721 -138.329
61.7878 -145.077
61.8211 -147.895
61.8879 -149.194
61.9212 -149.605
61.988 -153.778
62.0213 -154.264
62.0881 -160.434
62.1214 -157.69
62.1882 -164.495
62.2215 -155.517
62.2883 -156.872
62.3216 -157.374
62.3884 -162.226
62.4217 -153.226
62.4885 -169.394
62.5218 -153.568
62.5886 -163.376
62.6219 -161.024
62.6887 -164.692
62.722 -167.795
62.7888 -174.051
62.8221 -173.722
62.8889 -169.724
62.9222 -174.792
62.989 -175.385
63.0223 171.263
63.0891 175.825
63.1224 161.611
63.1892 165.48
63.2225 164.13
63.2893 169.594
63.3226 155.632
63.3894 155.109
63.4227 151.261
63.4895 154.068
63.5228 147.642
63.5896 146.308
63.6229 147.801
63.6897 130.122
63.723 141.478
63.7898 137.68
63.8231 135.543
63.8899 148.604
63.9232 128.558
63.99 133.738
64.0233 132.512
64.0901 119.822
64.1234 113.919
64.1902 122.475
64.2235 126.655
64.2903 121.454
64.3236 112.693
64.3904 116.75
64.4237 113.312
64.4905 116.525
64.5238 119.367
64.5906 104.628
64.6239 107.452
64.6907 103.833
64.724 110.451
64.7908 86.946
64.8241 102.979
64.8909 100.025
64.9242 93.6016
64.991 95.1657
65.0243 90.8429
65.0911 99.392
65.1244 94.8047
65.1912 82.4637
65.2245 92.2187
65.2913 90.5709
65.3246 87.2762
65.3914 84.423
65.4247 82.4927
65.4915 86.4233
65.5248 94.2368
65.5916 86.7419
65.6249 84.6445
65.6917 95.7533
65.725 94.3628
65.7918 91.6511
65.8251 85.7284
65.8919 96.5285
65.9252 89.6881
65.992 84.8705
66.0253 91.48
66.0921 93.6034
66.1254 93.8823
66.1922 87.8674
66.2255 98.7028
66.2923 94.8696
66.3256 88.0424
66.3924 86.9783
66.4257 94.4992
66.4925 87.9674
66.5258 85.4842
66.5926 86.0965
66.6259 90.8789
66.6927 93.8177
66.726 96.6068
66.7928 97.7811
66.8261 93.8354
66.8929 87.3438
66.9262 89.2848
66.993 94.5739
67.0263 93.7793
67.0931 88.5992
67.1264 100.524
67.1932 95.6084
67.2265 96.4291
67.2933 87.9282
67.3266 94.7867
67.3934 92.649
67.4267 87.1049
67.4935 89.045
67.5268 90.9898
67.5936 90.4987
67.6269 97.3051
67.6937 91.3186
67.727 91.326
67.7938 92.2319
67.8271 85.9959
67.8939 87.9323
67.9272 84.5452
67.994 96.2095
68.0273 95.6312
68.0941 93.4782
68.1274 97.2551
68.1942 86.026
68.2275 98.5714
68.2943 86.7093
68.3276 91.9973
68.3944 98.1182
68.4277 100.784
68.4945 93.4359
68.5278 92.9501
68.5946 95.3335
68.6279 95.0379
68.6947 90.6177
68.728 87.2369
68.7948 95.8312
68.8281 98.3665
68.8949 90.2433
68.9282 93.3079
68.995 88.3138
69.0283 94.954
69.0951 95.3608
69.1284 91.0608
69.1952 97.1302
69.2285 92.0951
69.2953 93.6868
69.3286 86.5175
69.3954 90.7267
69.4287 94.6313
69.4955 93.0122
69.5288 99.5559
69.5956 91.6781
69.6289 100.106
69.6957 99.7747
69.729 94.5204
69.7958 90.9385
69.8291 92.531
69.8959 88.805
69.9292 82.1625
69.996 94.4093
70.0293 81.6716
70.0961 96.5426
70.1294 83.3444
70.1962 76.8761
70.2295 89.346
70.2963 95.4188
70.3296 92.9879
70.3964 95.5976
70.4297 82.1075
70.4965 93.6321
70.5298 89.6891
70.5966 90.9892
70.6299 92.9847
70.6967 103.099
70.73 100.128
70.7968 95.095
70.8301 100.167
70.8969 84.1216
70.9302 98.4904
70.997 93.0517
71.0303 96.1559
71.0971 95.965
71.1304 98.3404
71.1972 84.7263
71.2305 99.8664
71.2973 100.209
71.3306 88.1576
71.3974 99.8246
71.4307 95.4055
71.4975 92.2702
71.5308 93.4763
71.5976 89.2972
71.6309 83.4787
71.6977 97.554
71.731 95.7052
71.7978 93.3538
71.8311 97.5228
71.8979 90.3297
71.9312 98.4059
71.998 94.1106
72.0313 91.3288
72.0981 97.826
72.1314 94.624
72.1982 89.3801
72.2315 107.479
72.2983 107.789
72.3316 96.5803
72.3984 94.935
72.4317 95.99
72.4985 104.129
72.5318 95.1439
72.5986 91.8202
72.6319 93.4404
72.6987 94.1901
72.732 92.0609
72.7988 95.9337
72.8321 101.131
72.8989 95.7952
72.9322 104.081
72.999 94.4526
73.0323 98.5172
73.0991 91.7253
73.1324 87.111
73.1992 95.4046
73.2325 91.4917
73.2993 91.3104
73.3326 94.3513
73.3994 97.1585
73.4327 100.075
73.4995 92.3278
73.5328 93.8645
73.5996 97.7694
73.6329 101.36
73.6997 89.2427
73.733 102.174
73.7998 85.8388
73.8331 96.8274
73.8999 95.3024
73.9332 102.441
74 89.8231
74.0333 91.3266
74.1001 88.4779
74.1334 88.4073
74.2002 86.5126
74.2335 83.2903
74.3003 93.1004
74.3336 89.269
74.4004 95.2917
74.4337 96.6356
74.5005 91.2617
74.5338 102.761
74.6006 92.9523
74.6339 93.8975
74.7007 88.7121
74.734 94.8384
74.8008 97.0365
74.8341 89.6906
74.9009 81.3856
74.9342 87.2725
75.001 89.6183
75.0343 90.0289
75.1011 92.1083
75.1344 83.6587
75.2012 96.4628
75.2345 83.1735
75.3013 86.6284
75.3346 85.3767
75.4014 89.6141
75.4347 83.277
75.5015 87.1484
75.5348 92.1063
75.6016 90.3426
75.6349 103.535
75.7017 100.457
75.735 90.9495
75.8018 85.5261
75.8351 103.893
75.9019 77.1367
75.9352 94.6831
76.002 98.5953
76.0353 91.6794
76.1021 92.4884
76.1354 88.6302
76.2022 85.3735
76.2355 94.8969
76.3023 94.0979
76.3356 99.2397
76.4024 96.9368
76.4357 96.9926
76.5025 92.3868
76.5358 97.0312
76.6026 97.9924
76.6359 107.565
76.7027 102.345
76.736 100.03
76.8028 102.511
76.8361 112.543
76.9029 117.843
76.9362 121.801
77.003 114.309
77.0363 121.474
77.1031 142.032
77.1364 128.57
77.2032 129.82
77.2365 131.871
77.3033 135.384
77.3366 128.467
77.4034 147.728
77.4367 142.631
77.5035 140.092
77.5368 153.306
77.6036 148.172
77.6369 142.363
77.7037 143.715
77.737 154.046
77.8038 147.455
77.8371 156.671
77.9039 151.819
77.9372 168.23
78.004 162.41
78.0373 162.911
78.1041 164.04
78.1374 164.033
78.2042 172.129
78.2375 170.214
78.3043 171.695
78.3376 189.812
78.4044 -178.345
78.4377 -174.997
78.5045 -170.263
78.5378 -172.325
78.6046 -169.975
78.6379 -168.794
78.7047 -161.503
78.738 -166.542
78.8048 -162.298
78.8381 -152.427
78.9049 -155.006
78.9382 -156.96
79.005 -145.808
79.0383 -156.216
79.1051 -148.053
79.1384 -142.664
79.2052 -146.09
79.2385 -140.922
79.3053 -144.645
79.3386 -138.778
79.4054 -137.842
79.4387 -146.67
79.5055 -137.51
79.5388 -137.447
79.6056 -136.765
79.6389 -139.503
79.7057 -128.289
79.739 -130.844
79.8058 -134.52
79.8391 -133.404
79.9059 -121.871
79.9392 -132.464
80.006 -115.762
80.0393 -119.154
80.1061 -124.421
80.1394 -118.184
80.2062 -113.088
80.2395 -106.393
80.3063 -108.869
80.3396 -106.942
80.4064 -110.37
80.4397 -107.215
80.5065 -100.542
80.5398 -100.034
80.6066 -88.766
80.6399 -86.9595
80.7067 -84.8549
80.74 -85.1942
80.8068 -83.4722
80.8401 -86.7518
80.9069 -76.6364
80.9402 -87.5286
81.007 -89.7593
81.0403 -75.0226
81.1071 -83.7159
81.1404 -79.8322
81.2072 -82.866
81.2405 -84.2134
81.3073 -87.0401
81.3406 -80.4147
81.4074 -79.0916
81.4407 -82.8805
81.5075 -75.4669
81.5408 -87.0614
81.6076 -82.5048
81.6409 -81.3079
81.7077 -85.7301
81.741 -82.013
81.8078 -82.3449
81.8411 -75.4238
81.9079 -87.948
81.9412 -91.6342
82.008 -82.4242
82.0413 -89.136
82.1081 -88.7948
82.1414 -77.7568
82.2082 -79.5383
82.2415 -88.5159
82.3083 -88.5464
82.3416 -78.3882
82.4084 -81.8784
82.4417 -84.6474
82.5085 -93.3858
82.5418 -79.4303
82.6086 -72.2955
82.6419 -80.786
82.7087 -79.8021
82.742 -84.7275
82.8088 -93.1458
82.8421 -92.3379
82.9089 -86.9236
82.9422 -70.2691
83.009 -80.3238
83.0423 -81.4106
83.1091 -90.9631
83.1424 -80.3276
83.2092 -76.5098
83.2425 -84.7596
83.3093 -81.1254
83.3426 -86.8965
83.4094 -85.7085
83.4427 -81.1319
83.5095 -88.4338
83.5428 -89.9906
83.6096 -93.3785
83.6429 -89.3152
83.7097 -86.2264
83.743 -78.076
83.8098 -78.3034
83.8431 -69.6818
83.9099 -91.7383
83.9432 -81.3088
84.01 -82.7532
84.0433 -80.8088
84.1101 -74.1371
84.1434 -78.1357
84.2102 -90.4701
84.2435 -80.6971
84.3103 -91.7462
84.3436 -84.0197
84.4104 -82.5559
84.4437 -83.3842
84.5105 -93.5816
84.5438 -84.0629
84.6106 -106.823
84.6439 -94.921
84.7107 -85.0628
84.744 -97.1143
84.8108 -84.3512
84.8441 -86.2871
84.9109 -85.3677
84.9442 -81.7587
85.011 -86.8604
85.0443 -82.5648
85.1111 -93.3897
85.1444 -90.8163
85.2112 -79.4135
85.2445 -83.4898
85.3113 -96.1363
85.3446 -87.1024
85.4114 -93.7054
85.4447 -87.3305
85.5115 -91.7723
85.5448 -95.2285
85.6116 -85.8489
85.6449 -81.5943
85.7117 -80.7933
85.745 -88.6166
85.8118 -87.2581
85.8451 -92.6268
85.9119 -85.8877
85.9452 -77.7351
86.012 -90.1645
86.0453 -92.2251
86.1121 -85.5672
86.1454 -85.4333
86.2122 -91.1952
86.2455 -92.1104
86.3123 -77.9338
86.3456 -92.4922
86.4124 -89.3711
86.4457 -73.5887
86.5125 -83.6645
86.5458 -91.9126
86.6126 -85.0773
86.6459 -83.2289
86.7127 -91.762
86.746 -85.8326
86.8128 -84.7034
86.8461 -85.283
86.9129 -90.1891
86.9462 -92.8042
87.013 -86.4449
87.0463 -82.351
87.1131 -84.6541
87.1464 -91.4776
87.2132 -76.3476
87.2465 -90.3397
87.3133 -84.0574
87.3466 -89.6233
87.4134 -85.3563
87.4467 -83.1959
87.5135 -87.6492
87.5468 -90.6704
87.6136 -83.0917
87.6469 -85.7533
87.7137 -87.4236
87.747 -79.5864
87.8138 -86.614
87.8471 -78.8815
87.9139 -83.0629
87.9472 -83.8515
88.014 -91.6559
88.0473 -78.8279
88.1141 -81.6982
88.1474 -94.8785
88.2142 -79.7816
88.2475 -88.0167
88.3143 -92.3387
88.3476 -95.7954
88.4144 -87.3348
88.4477 -79.4242
88.5145 -78.3301
88.5478 -84.174
88.6146 -91.9814
88.6479 -81.1027
88.7147 -98.7428
88.748 -92.874
88.8148 -95.4456
88.8481 -83.6728
88.9149 -89.3536
88.9482 -81.8389
89.015 -83.2396
89.0483 -95.2149
89.1151 -81.8623
89.1484 -82.3666
89.2152 -89.9183
89.2485 -87.8812
89.3153 -85.4756
89.3486 -86.0863
89.4154 -80.7518
89.4487 -74.7662
89.5155 -82.5883
89.5488 -81.2441
89.6156 -84.1774
89.6489 -84.2961
89.7157 -87.7504
89.749 -81.7677
89.8158 -72.4814
89.8491 -96.6254
89.9159 -78.5415
89.9492 -95.6986
90.016 -100.372
90.0493 -97.8291
90.1161 -93.2825
90.1494 -95.1149
90.2162 -86.7198
90.2495 -88.0891
90.3163 -80.6698
90.3496 -92.5717
90.4164 -78.9047
90.4497 -81.6961
90.5165 -84.8499
90.5498 -95.4728
90.6166 -78.2521
90.6499 -84.7888
90.7167 -94.0074
90.75 -79.2606
90.8168 -80.6073
90.8501 -85.8719
90.9169 -89.488
90.9502 -91.472
91.017 -85.9862
91.0503 -83.501
91.1171 -86.2376
91.1504 -84.4088
91.2172 -84.5065
91.2505 -83.7562
91.3173 -87.6511
91.3506 -75.2057
91.4174 -79.4681
91.4507 -86.2826
91.5175 -79.2638
91.5508 -77.7943
91.6176 -84.2506
91.6509 -82.284
91.7177 -71.1346
91.751 -87.7692
91.8178 -90.6354
91.8511 -82.8973
91.9179 -86.6125
91.9512 -77.5265
92.018 -90.0323
92.0513 -84.8963
92.1181 -90.1325
92.1514 -83.5278
92.2182 -97.4667
92.2515 -103.903
92.3183 -93.0974
92.3516 -90.3183
92.4184 -92.704
92.4517 -99.6601
92.5185 -87.9742
92.5518 -91.8132
92.6186 -94.6097
92.6519 -97.4549
92.7187 -90.1415
92.752 -87.8398
92.8188 -89.2
92.8521 -85.4976
92.9189 -96.5681
92.9522 -83.687
93.019 -84.8272
93.0523 -88.0421
93.1191 -89.9468
93.1524 -88.604
93.2192 -90.5197
93.2525 -96.6357
93.3193 -87.7737
93.3526 -95.8582
93.4194 -97.0957
93.4527 -96.9005
93.5195 -94.7451
93.5528 -90.9495
93.6196 -98.4182
93.6529 -94.7542
93.7197 -97.3039
93.753 -79.6154
93.8198 -80.0677
93.8531 -88.297
93.9199 -84.2178
93.9532 -93.5704
94.02 -83.0471
94.0533 -84.838
94.1201 -91.4299
94.1534 -82.1248
94.2202 -72.9896
94.2535 -88.3479
94.3203 -81.8248
94.3536 -85.9355
94.4204 -84.5038
94.4537 -84.7223
94.5205 -83.5261
94.5538 -87.5517
94.6206 -78.6452
94.6539 -84.1186
94.7207 -81.5832
94.754 -80.5047
94.8208 -87.4921
94.8541 -87.8307
94.9209 -83.2383
94.9542 -89.0362
95.021 -84.7501
95.0543 -82.6364
95.1211 -81.9365
95.1544 -83.876
95.2212 -92.5281
95.2545 -89.1402
95.3213 -86.9818
95.3546 -81.3821
95.4214 -77.2993
95.4547 -89.9602
95.5215 -105.52
95.5548 -92.1823
95.6216 -92.2291
95.6549 -88.7443
95.7217 -97.0546
95.755 -91.1135
95.8218 -92.5937
95.8551 -96.9764
95.9219 -83.8053
95.9552 -77.5688
96.022 -86.7646
96.0553 -88.1373
96.1221 -92.4073
96.1554 -89.6155
96.2222 -83.8575
96.2555 -83.4555
96.3223 -88.1096
96.3556 -82.4623
96.4224 -86.4593
96.4557 -97.8251
96.5225 -93.3542
96.5558 -94.1355
96.6226 -87.4524
96.6559 -97.7977
96.7227 -89.4726
96.756 -97.1162
96.8228 -86.2335
96.8561 -99.1884
96.9229 -78.2708
96.9562 -83.1481
97.023 -82.254
97.0563 -82.494
97.1231 -81.4476
97.1564 -82.0695
97.2232 -84.103
97.2565 -87.2613
97.3233 -77.2166
97.3566 -73.2173
97.4234 -86.6918
97.4567 -87.8832
97.5235 -87.8528
97.5568 -83.2349
97.6236 -84.9526
97.6569 -79.1485
97.7237 -79.072
97.757 -92.3601
97.8238 -77.6438
97.8571 -86.3637
97.9239 -94.6718
97.9572 -88.4421
98.024 -81.6156
98.0573 -80.2
98.1241 -88.409
98.1574 -84.0948
98.2242 -89.5315
98.2575 -79.5815
98.3243 -91.8906
98.3576 -87.1685
98.4244 -89.2576
98.4577 -75.0012
98.5245 -77.3408
98.5578 -77.8209
98.6246 -80.3062
98.6579 -86.2051
98.7247 -78.158
98.758 -74.2449
98.8248 -83.6764
98.8581 -77.3972
98.9249 -81.6485
98.9582 -76.6745
99.025 -80.2369
99.0583 -68.7239
99.1251 -67.2424
99.1584 -72.2714
99.2252 -65.3526
99.2585 -63.8918
99.3253 -64.3014
99.3586 -65.0906
99.4254 -59.501
99.4587 -56.5484
99.5255 -53.9225
99.5588 -57.8421
99.6256 -54.6726
99.6589 -56.9989
99.7257 -45.0318
99.759 -39.0351
99.8258 -45.7041
99.8591 -47.3819
99.9259 -50.8129
99.9592 -53.4828
100.026 -44.0856
100.059 -41.3223
100.126 -46.118
100.159 -55.934
100.226 -50.0096
100.26 -44.5734
100.326 -46.2535
100.36 -45.6402
100.426 -50.22
100.46 -46.6449
100.526 -42.8701
100.56 -53.7144
100.627 -43.2741
100.66 -48.7903
100.727 -46.4096
100.76 -51.2611
100.827 -50.6269
100.86 -51.1101
100.927 -46.5957
100.96 -54.6084
101.027 -50.4272
101.06 -49.9372
101.127 -43.0529
101.16 -49.1934
101.227 -35.1091
101.261 -42.5163
101.327 -41.9009
101.361 -59.4756
101.427 -35.8331
101.461 -50.0465
101.527 -43.098
101.561 -29.692
101.628 -51.5694
101.661 -32.1319
101.728 -44.851
101.761 -38.584
101.828 -44.2373
101.861 -48.2765
101.928 -38.0819
101.961 -44.7131
102.028 -44.7071
102.061 -45.888
102.128 -42.5949
102.161 -45.501
102.228 -51.1113
102.262 -46.5922
102.328 -43.293
102.362 -37.7607
102.428 -56.2954
102.462 -42.0857
102.528 -55.0575
102.562 -46.8012
102.629 -39.7205
102.662 -38.0213
102.729 -37.8769
102.762 -45.2161
102.829 -49.5492
102.862 -48.4409
102.929 -41.5893
102.962 -43.5865
103.029 -47.0989
103.062 -49.1564
103.129 -44.8224
103.162 -41.4873
103.229 -45.3265
103.263 -43.5484
103.329 -47.7649
103.363 -49.5859
103.429 -42.3683
103.463 -45.493
103.529 -39.8488
103.563 -38.9042
103.63 -41.3308
103.663 -41.242
103.73 -46.5591
103.763 -42.8871
103.83 -41.8826
103.863 -45.8842
103.93 -47.944
103.963 -42.3619
104.03 -41.5976
104.063 -38.0872
104.13 -39.3924
104.163 -45.9331
104.23 -46.9586
104.264 -51.9535
104.33 -46.7736
104.364 -37.7464
104.43 -45.8233
104.464 -43.2835
104.53 -43.9329
104.564 -43.1226
104.631 -44.4724
104.664 -43.9612
104.731 -52.8447
104.764 -45.7775
104.831 -52.5149
104.864 -53.9201
104.931 -48.762
104.964 -52.6838
105.031 -58.5943
105.064 -51.8575
105.131 -52.5785
105.164 -52.7044
105.231 -46.9871
105.265 -55.7691
105.331 -49.464
105.365 -45.6941
105.431 -46.2521
105.465 -51.7269
105.531 -50.458
105.565 -43.0581
105.632 -54.6486
105.665 -48.9905
105.732 -52.0662
105.765 -51.0379
105.832 -56.6489
105.865 -59.1813
105.932 -53.5649
105.965 -56.4529
106.032 -61.9823
106.065 -60.2619
106.132 -65.9856
106.165 -64.7511
106.232 -71.3979
106.266 -73.2036
106.332 -78.5992
106.366 -67.5887
106.432 -81.0166
106.466 -86.4978
106.532 -66.7842
106.566 -79.228
106.633 -77.127
106.666 -83.1468
106.733 -77.0197
106.766 -86.9447
106.833 -82.1929
106.866 -83.0425
106.933 -96.7904
106.966 -93.5771
107.033 -105.114
107.066 -98.897
107.133 -106.299
107.166 -97.9726
107.233 -109.467
107.267 -109.363
107.333 -112.086
107.367 -115.959
107.433 -112.254
107.467 -116.584
107.533 -115.387
107.567 -116.522
107.634 -117.807
107.667 -115.332
107.734 -119.954
107.767 -117.176
107.834 -113.596
107.867 -116.788
107.934 -118.285
107.967 -111.479
108.034 -120.462
108.067 -126.222
108.134 -111.227
108.167 -116.773
108.234 -121.335
108.268 -117.658
108.334 -119.488
108.368 -121.546
108.434 -117.984
108.468 -110.891
108.534 -114.489
108.568 -119.243
108.635 -126.622
108.668 -122.507
108.735 -123.597
108.768 -115.462
108.835 -123.041
108.868 -121.175
108.935 -126.83
108.968 -125.846
109.035 -118.834
109.068 -125.696
109.135 -124.71
109.168 -122.517
109.235 -123.55
109.269 -120.734
109.335 -117.149
109.369 -116.545
109.435 -116.967
109.469 -115.03
109.535 -116.714
109.569 -109.558
109.636 -112.045
109.669 -123.174
109.736 -119.576
109.769 -111.047
109.836 -109.847
109.869 -127.1
109.936 -117.762
109.969 -115.438
110.036 -115.749
110.069 -113.208
110.136 -119.052
110.169 -113.059
110.236 -113.619
110.27 -105.093
110.336 -104.358
110.37 -116.341
110.436 -103.655
110.47 -111.096
110.536 -109.262
110.57 -104.797
110.637 -108.456
110.67 -105.312
110.737 -102.798
110.77 -110.836
110.837 -106.827
110.87 -108.308
110.937 -103.208
110.97 -105.269
111.037 -117.86
111.07 -113.288
111.137 -111.438
111.17 -119.062
111.237 -108.899
111.271 -106.474
111.337 -117.003
111.371 -109.035
111.437 -113.127
111.471 -104.969
111.537 -117.825
111.571 -113.864
111.638 -109.691
111.671 -115.824
111.738 -111.028
111.771 -103.279
111.838 -100.628
111.871 -107.461
111.938 -114.51
111.971 -101.995
112.038 -112.522
112.071 -108.867
112.138 -104.641
112.171 -102.761
112.238 -98.1559
112.272 -109.655
112.338 -107.657
112.372 -106.769
112.438 -101.307
112.472 -109.524
112.538 -106.441
112.572 -103.588
112.639 -105.994
112.672 -111.233
112.739 -102.441
112.772 -99.6144
112.839 -99.8525
112.872 -111.591
112.939 -99.5925
112.972 -106.666
113.039 -106.201
113.072 -112.248
113.139 -110.833
113.172 -104.491
113.239 -109.669
113.273 -107.548
113.339 -106.023
113.373 -100.937
113.439 -114.825
113.473 -103.832
113.539 -108.071
113.573 -108.441
113.64 -111.36
113.673 -104.847
113.74 -101.503
113.773 -110.18
113.84 -108.919
113.873 -110.015
113.94 -108.743
113.973 -118.391
114.04 -102.668
114.073 -109.25
114.14 -112.128
114.173 -101.581
114.24 -106.254
114.274 -101.993
114.34 -108.506
114.374 -108.819
114.44 -112.13
114.474 -123.392
114.54 -99.0961
114.574 -117.477
114.641 -110.314
114.674 -112.324
114.741 -110.697
114.774 -109.312
114.841 -122.981
114.874 -115.442
114.941 -111.603
114.974 -107.087
115.041 -117.274
115.074 -108.196
115.141 -103.656
115.174 -115.241
115.241 -111.529
115.275 -113.673
115.341 -109.614
115.375 -112.829
115.441 -115.43
115.475 -112.399
115.541 -118.214
115.575 -114.485
115.642 -118.964
115.675 -112.675
115.742 -103.869
115.775 -112.617
115.842 -100.983
115.875 -99.9161
115.942 -112.363
115.975 -104.396
116.042 -103.779
116.075 -98.5571
116.142 -95.1772
116.175 -89.9147
116.242 -94.9862
116.276 -97.463
116.342 -88.5668
116.376 -90.4646
116.442 -78.1389
116.476 -80.7817
116.542 -81.8266
116.576 -82.027
116.643 -81.4273
116.676 -79.1754
116.743 -76.4327
116.776 -70.3012
116.843 -76.6909
116.876 -68.1406
116.943 -82.9888
116.976 -73.7157
117.043 -80.3323
117.076 -65.3132
117.143 -64.3358
117.176 -78.9864
117.243 -67.7053
117.277 -75.4282
117.343 -68.1669
117.377 -82.0036
117.443 -70.87
117.477 -71.7543
117.543 -62.244
117.577 -67.4075
117.644 -68.9506
117.677 -63.1439
117.744 -61.3669
117.777 -60.3745
117.844 -61.6773
117.877 -61.6652
117.944 -57.2764
117.977 -68.9665
118.044 -63.0541
118.077 -60.2293
118.144 -60.1874
118.177 -59.8088
118.244 -61.1165
118.278 -54.5803
118.344 -57.3272
118.378 -54.7902
118.444 -57.3503
118.478 -62.0909
118.544 -60.71
118.578 -50.6209
118.645 -56.4548
118.678 -48.4855
118.745 -61.2166
118.778 -49.9722
118.845 -47.176
118.878 -54.6283
118.945 -56.6761
118.978 -61.7443
119.045 -52.6852
119.078 -55.2346
119.145 -45.7221
119.178 -44.9218
119.245 -41.4159
119.279 -55.0413
119.345 -53.5886
119.379 -62.1589
119.445 -50.7519
119.479 -51.9397
119.545 -58.2097
119.579 -48.7883
119.646 -59.6386
119.679 -46.6564
119.746 -43.0777
119.779 -44.8028
119.846 -49.983
119.879 -53.6576
119.946 -56.6033
119.979 -39.0441
120.046 -47.8524
120.079 -44.3436
120.146 -40.2755
120.179 -38.4553
120.246 -52.5686
120.28 -51.4416
120.346 -48.0466
120.38 -42.2452
120.446 -42.3725
120.48 -29.7507
120.546 -43.546
120.58 -41.5198
120.647 -45.9567
120.68 -50.8844
120.747 -45.5564
120.78 -48.639
120.847 -46.2867
120.88 -36.9034
120.947 -38.933
120.98 -34.5486
121.047 -24.5622
121.08 -35.9278
121.147 -41.6868
121.18 -32.8389
121.247 -26.4515
121.281 -31.2208
121.347 -30.0594
121.381 -31.1435
121.447 -29.5047
121.481 -26.2498
121.547 -27.2632
121.581 -23.7642
121.648 -24.7934
121.681 -20.6428
121.748 -30.5181
121.781 -12.7996
121.848 -29.9484
121.881 -12.2052
121.948 -20.0081
121.981 -24.1529
122.048 -25.1381
122.081 -27.886
122.148 -18.4809
122.181 -25.9167
122.248 -26.4689
122.282 -19.8069
122.348 -12.0924
122.382 -22.7293
122.448 -25.8985
122.482 -17.1282
122.548 -16.0326
122.582 -18.9469
122.649 -8.97647
122.682 -13.849
122.749 -8.45952
122.782 -14.3767
122.849 -9.95738
122.882 -13.5065
122.949 -11.2437
122.982 -8.96951
123.049 -2.99201
123.082 -14.8475
123.149 -7.09166
123.182 -8.08207
123.249 -6.50511
123.283 -7.75368
123.349 -1.20497
123.383 -11.2247
123.449 -11.746
123.483 -17.5039
123.549 -14.6594
123.583 -11.9603
123.65 -14.9774
123.683 -16.1732
123.75 -17.6315
123.783 -17.3181
123.85 -16.484
123.883 -10.6357
123.95 -15.3587
123.983 -18.8824
124.05 -10.3058
124.083 -11.1684
124.15 -15.7085
124.183 -7.32255
124.25 -11.8617
124.284 -9.34263
124.35 -11.2282
124.384 -8.47497
124.45 -8.16575
124.484 -9.59218
124.55 -13.5432
124.584 -11.1394
124.651 -4.5129
124.684 -2.79175
124.751 -14.6186
124.784 -8.62987
124.851 -5.73255
124.884 -2.09969
124.951 -3.61751
124.984 -10.8333
125.051 -14.3008
125.084 -10.1671
125.151 -5.59591
125.184 -7.83856
125.251 -7.30934
125.285 -3.25963
125.351 3.30279
125.385 -4.63116
125.451 -1.458
125.485 5.17393
125.551 -7.04499
125.585 8.77039
125.652 -1.61177
125.685 -9.53782
125.752 2.13533
125.785 -9.89976
125.852 -12.0516
125.885 4.52953
125.952 -0.818653
125.985 -7.33494
126.052 -4.54995
126.085 -8.49053
126.152 -1.23716
126.185 3.30501
126.252 -5.56415
126.286 4.57457
126.352 2.55723
126.386 -6.97057
126.452 -3.09444
126.486 -1.1897
126.552 -16.3018
126.586 -0.0379307
126.653 3.60874
126.686 0.910342
126.753 1.83955
126.786 10.0073
126.853 4.38591
126.886 -7.14985
126.953 -1.90036
126.986 2.80149
127.053 -7.9095
127.086 -18.8142
127.153 -14.1056
127.186 -5.44502
127.253 -3.43135
127.287 -9.38589
127.353 -2.99085
127.387 -0.8247
127.453 6.56106
127.487 -4.8522
127.553 -7.65363
127.587 -9.84306
127.654 3.6641
127.687 1.7689
127.754 1.52436
127.787 -4.59208
127.854 0.705472
127.887 -0.487958
127.954 -1.40565
127.987 1.83474
128.054 -5.50105
128.087 -2.30692
128.154 -2.53237
128.187 -9.41611
128.254 -6.06285
128.288 -8.10659
128.354 -10.3022
128.388 -12.4527
128.454 -11.7964
128.488 -8.28313
128.554 -1.10113
128.588 -17.9617
128.655 -0.635931
128.688 -15.1249
128.755 -11.8528
128.788 -24.0348
128.855 -9.65914
128.888 -30.6398
128.955 -9.96503
128.988 -13.7495
129.055 -24.6429
129.088 -22.5755
129.155 -24.3651
129.188 -25.359
129.255 -29.4009
129.289 -39.9259
129.355 -35.111
129.389 -26.2869
129.455 -39.5207
129.489 -41.5009
129.555 -29.7628
129.589 -40.3366
129.656 -38.8031
129.689 -40.4117
129.756 -36.0386
129.789 -29.6353
129.856 -33.7668
129.889 -41.1949
129.956 -38.5241
129.989 -30.9173
130.056 -37.1748
130.089 -31.0624
130.156 -43.7005
130.189 -41.4548
130.256 -33.8402
130.29 -33.3926
130.356 -46.6929
130.39 -30.1548
130.456 -38.2179
130.49 -42.312
130.556 -31.8063
130.59 -35.9381
130.657 -43.8387
130.69 -44.7187
130.757 -39.4368
130.79 -45.1687
130.857 -40.9992
130.89 -44.9586
130.957 -37.8978
130.99 -42.7986
131.057 -44.6813
131.09 -38.6413
131.157 -46.4366
131.19 -36.2619
131.257 -38.5557
131.291 -33.4961
131.357 -34.7238
131.391 -43.0396
131.457 -36.8034
131.491 -32.7947
131.557 -38.3981
131.591 -28.9324
131.658 -44.9513
131.691 -39.7308
131.758 -42.4878
131.791 -42.0333
131.858 -45.3747
131.891 -37.1176
131.958 -52.7319
131.991 -32.9653
132.058 -34.8879
132.091 -32.5611
132.158 -30.5551
132.191 -36.6936
132.258 -36.7097
132.292 -40.3196
132.358 -45.1623
132.392 -37.1992
132.458 -42.4773
132.492 -34.6634
132.558 -44.18
132.592 -43.7038
132.659 -41.1547
132.692 -37.4121
132.759 -40.0038
132.792 -41.7908
132.859 -43.5947
132.892 -40.0734
132.959 -40.3037
132.992 -46.6519
133.059 -49.7849
133.092 -42.463
133.159 -36.7695
133.192 -36.5123
133.259 -38.24
133.293 -40.6014
133.359 -43.1078
133.393 -42.1266
133.459 -46.1209
133.493 -33.3221
133.559 -44.8425
133.593 -40.4136
133.66 -36.1736
133.693 -41.231
133.76 -48.9122
133.793 -45.1695
133.86 -40.2451
133.893 -48.0302
133.96 -47.0062
133.993 -46.0379
134.06 -45.2198
134.093 -47.5705
134.16 -51.2248
134.193 -45.7481
134.26 -40.7117
134.294 -44.4484
134.36 -52.2457
134.394 -36.843
134.46 -34.2533
134.494 -39.0179
134.56 -32.6748
134.594 -31.55
134.661 -37.0481
134.694 -45.17
134.761 -36.0935
134.794 -42.868
134.861 -39.7557
134.894 -51.3784
134.961 -44.5311
134.994 -40.1523
135.061 -40.7693
135.094 -37.0572
135.161 -36.157
135.194 -41.1048
135.261 -32.6995
135.295 -41.3907
135.361 -46.8766
135.395 -34.7414
135.461 -37.0203
135.495 -41.2204
135.561 -33.7615
135.595 -37.9936
135.662 -30.3398
135.695 -35.6069
135.762 -36.9764
135.795 -41.4232
135.862 -43.9366
135.895 -38.3386
135.962 -38.2964
135.995 -43.6003
136.062 -41.8181
136.095 -43.9673
136.162 -41.167
136.195 -40.6022
136.262 -38.8014
136.296 -43.1011
136.362 -42.3607
136.396 -46.1414
136.462 -42.0202
136.496 -39.6468
136.562 -39.1856
136.596 -43.3055
136.663 -34.1389
136.696 -44.7565
136.763 -33.6108
136.796 -41.2881
136.863 -33.4992
136.896 -37.5235
136.963 -42.7022
136.996 -44.3891
137.063 -41.6627
137.096 -44.7463
137.163 -46.2741
137.196 -33.9506
137.263 -38.0702
137.297 -39.6027
137.363 -35.9567
137.397 -38.0054
137.463 -48.7334
137.497 -41.2454
137.563 -41.9066
137.597 -42.1389
137.664 -41.1269
137.697 -39.9338
137.764 -39.9072
137.797 -44.5406
137.864 -40.9996
137.897 -39.3469
137.964 -42.9711
137.997 -41.2556
138.064 -35.7295
138.097 -36.1565
138.164 -38.0679
138.197 -44.9176
138.264 -37.3245
138.298 -48.2445
138.364 -41.9174
138.398 -47.0628
138.464 -45.2228
138.498 -42.6111
138.564 -43.1639
138.598 -37.3016
138.665 -37.0023
138.698 -37.2173
138.765 -33.5968
138.798 -43.0415
138.865 -38.2122
138.898 -36.3485
138.965 -30.933
138.998 -32.212
139.065 -39.7741
139.098 -37.0833
139.165 -40.9084
139.198 -44.3884
139.265 -34.41
139.299 -47.177
139.365 -41.3726
139.399 -40.0621
139.465 -45.5456
139.499 -40.258
139.565 -42.0461
139.599 -43.7706
139.666 -53.8293
139.699 -43.4801
139.766 -38.6994
139.799 -37.5429
139.866 -44.6612
139.899 -43.5056
139.966 -34.9066
139.999 -46.9818
140.066 -43.2637
140.099 -39.7501
140.166 -34.6168
140.199 -28.711
140.266 -46.8868
140.3 -42.5706
140.366 -41.5984
140.4 -40.7265
140.466 -44.3231
140.5 -42.5312
140.566 -41.8005
140.6 -31.912
140.667 -44.6351
140.7 -38.8879
140.767 -37.6597
140.8 -43.0071
140.867 -40.5317
140.9 -38.1502
140.967 -41.8904
141 -37.2904
141.067 -39.6099
141.1 -44.4137
141.167 -46.2058
141.2 -47.7408
141.267 -40.8752
141.301 -32.9557
141.367 -49.8
141.401 -47.1946
141.467 -53.3119
141.501 -46.6983
141.567 -48.76
141.601 -44.1227
141.668 -39.7097
141.701 -41.0154
141.768 -32.6534
141.801 -41.8099
141.868 -28.4199
141.901 -44.3982
141.968 -46.4329
142.001 -35.3563
142.068 -43.4337
142.101 -49.3138
142.168 -49.4406
142.201 -44.6879
142.268 -43.5236
142.302 -39.6223
142.368 -41.1452
142.402 -44.3942
142.468 -42.2207
142.502 -42.0383
142.568 -39.2495
142.602 -39.5366
142.669 -44.7146
142.702 -44.369
142.769 -37.5065
142.802 -48.181
142.869 -50.717
142.902 -50.1956
142.969 -42.6466
143.002 -36.6305
143.069 -43.7135
143.102 -46.8928
143.169 -43.9203
143.202 -49.0139
143.269 -42.2165
143.303 -42.0959
143.369 -39.0302
143.403 -44.2653
143.469 -44.9651
143.503 -40.9097
143.569 -53.6622
143.603 -45.9484
143.67 -43.6936
143.703 -46.325
143.77 -36.9942
143.803 -44.2065
143.87 -35.9824
143.903 -35.1592
143.97 -34.634
144.003 -39.2512
144.07 -39.6429
144.103 -53.1158
144.17 -36.5769
144.203 -44.6769
144.27 -36.8389
144.304 -46.6454
144.37 -43.3163
144.404 -43.1797
144.47 -44.1342
144.504 -37.7481
144.57 -39.5223
144.604 -37.8953
144.671 -42.7261
144.704 -46.5804
144.771 -35.8754
144.804 -40.9571
144.871 -55.8648
144.904 -40.6013
144.971 -39.4234
145.004 -40.8245
145.071 -44.7305
145.104 -42.6655
145.171 -35.4714
145.204 -42.1413
145.271 -45.9097
145.305 -45.4879
145.371 -45.9766
145.405 -43.9796
145.471 -41.5339
145.505 -43.9019
145.571 -44.8054
145.605 -41.5797
145.672 -46.4727
145.705 -38.7682
145.772 -30.0978
145.805 -38.1329
145.872 -45.709
145.905 -38.4246
145.972 -43.1922
146.005 -41.8417
146.072 -47.7623
146.105 -35.2723
146.172 -39.3382
146.205 -43.3587
146.272 -46.9923
146.306 -37.9093
146.372 -42.9894
146.406 -35.8736
146.472 -35.7249
146.506 -40.7303
146.572 -43.1081
146.606 -41.6996
146.673 -40.5466
146.706 -44.6742
146.773 -36.5777
146.806 -38.4021
146.873 -47.1045
146.906 -44.1098
146.973 -42.2856
147.006 -38.2851
147.073 -38.3683
147.106 -38.0398
147.173 -44.7771
147.206 -35.4377
147.273 -41.1534
147.307 -39.023
147.373 -35.2333
147.407 -40.3506
147.473 -41.8727
147.507 -42.0182
147.573 -41.1991
147.607 -49.3705
147.674 -46.018
147.707 -47.008
147.774 -42.1743
147.807 -41.9719
147.874 -36.6924
147.907 -43.5666
147.974 -39.3901
148.007 -35.5163
148.074 -39.4758
148.107 -37.575
148.174 -33.6877
148.207 -42.959
148.274 -47.4674
148.308 -37.8687
148.374 -39.9877
148.408 -45.1252
148.474 -42.4348
148.508 -35.4428
148.574 -33.976
148.608 -46.0187
148.675 -36.6245
148.708 -40.1093
148.775 -51.4884
148.808 -32.9396
148.875 -41.5767
148.908 -43.8452
148.975 -42.4567
149.008 -42.083
149.075 -33.6668
149.108 -39.2113
149.175 -44.1008
149.208 -37.562
149.275 -41.664
149.309 -34.5244
149.375 -32.5041
149.409 -36.2749
149.475 -42.6828
149.509 -48.5165
149.575 -49.4392
149.609 -30.7102
149.676 -43.7278
149.709 -34.7662
149.776 -48.058
149.809 -40.6964
149.876 -45.6567
149.909 -49.0382
149.976 -48.8881
150.009 -40.2675
150.076 -46.0901
150.109 -44.4266
150.176 -43.5336
150.209 -49.1454
150.276 -43.3855
150.31 -38.839
150.376 -40.0179
150.41 -39.9056
150.476 -37.3162
150.51 -43.5213
150.576 -39.3368
150.61 -39.9578
150.677 -44.3093
150.71 -43.7667
150.777 -40.3878
150.81 -37.6454
150.877 -41.1557
150.91 -47.9681
150.977 -45.4116
151.01 -34.5923
151.077 -40.6462
151.11 -36.3785
151.177 -32.9134
151.21 -38.0306
151.277 -30.0663
151.311 -37.32
151.377 -30.8621
151.411 -37.5275
151.477 -37.2843
151.511 -34.4964
151.577 -41.2492
151.611 -42.3881
151.678 -35.0728
151.711 -41.0764
151.778 -43.9874
151.811 -41.1914
151.878 -35.4333
151.911 -38.1765
151.978 -27.4127
152.011 -40.444
152.078 -39.3181
152.111 -28.882
152.178 -28.9991
152.211 -25.7299
152.278 -33.7622
152.312 -31.7763
152.378 -31.8136
152.412 -41.2853
152.478 -36.2012
152.512 -40.9548
152.578 -30.7496
152.612 -48.0797
152.679 -38.6936
152.712 -40.9609
152.779 -39.8548
152.812 -37.5474
152.879 -35.8879
152.912 -40.6421
152.979 -37.754
153.012 -42.929
153.079 -26.3665
153.112 -35.3177
153.179 -39.916
153.212 -31.0368
153.279 -31.6321
153.313 -38.8618
153.379 -42.2931
153.413 -32.3893
153.479 -36.7514
153.513 -29.4563
153.579 -38.9486
153.613 -33.8472
153.68 -43.3421
153.713 -35.9243
153.78 -49.5357
153.813 -41.0306
153.88 -46.4069
153.913 -45.4802
153.98 -38.7792
154.013 -40.1456
154.08 -43.5159
154.113 -47.2575
154.18 -28.1956
154.213 -38.9385
154.28 -34.0671
154.314 -26.7982
154.38 -38.8093
154.414 -39.3084
154.48 -33.3653
154.514 -36.6897
154.58 -42.6832
154.614 -51.2881
154.681 -38.1679
154.714 -41.0118
154.781 -40.6257
154.814 -42.6414
154.881 -42.5358
154.914 -33.6153
154.981 -37.7378
155.014 -42.7435
155.081 -36.7573
155.114 -35.3436
155.181 -40.0019
155.214 -41.3808
155.281 -35.5849
155.315 -42.2248
155.381 -48.2912
