0.018278 152.675
0.051645 145.109
0.118378 144.895
0.151745 144.277
0.218478 146.856
0.251845 138.766
0.318578 135.779
0.351945 141.495
0.418678 131.498
0.452045 142.509
0.518778 144.138
0.552145 143.846
0.618878 143.944
0.652245 141.71
0.718978 136.333
0.752345 146.413
0.819078 139.541
0.852445 137.746
0.919178 142.495
0.952545 137.688
1.01928 138.875
1.05265 148.214
1.11938 145.633
1.15274 152.299
1.21948 139.709
1.25284 145.453
1.31958 141.095
1.35295 145.269
1.41968 140.596
1.45304 135.395
1.51978 137.626
1.55314 140.146
1.61988 145.952
1.65325 130.137
1.71998 138.621
1.75334 132.709
1.82008 125.855
1.85345 132.444
1.92018 133.041
1.95355 134.307
2.02028 140.669
2.05364 137.552
2.12038 145.583
2.15374 142.362
2.22048 133.941
2.25385 135.923
2.32058 139.809
2.35394 145.025
2.42068 141.644
2.45404 141.74
2.52078 140.382
2.55415 143.466
2.62088 143.326
2.65424 148.191
2.72098 145.334
2.75434 137.65
2.82108 132.048
2.85445 141.096
2.92118 136.589
2.95454 133.928
3.02128 143.088
3.05464 138.792
3.12138 141.375
3.15475 148.111
3.22148 140.251
3.25484 135.872
3.32158 143.228
3.35494 141.05
3.42168 136.614
3.45505 138.748
3.52178 132.191
3.55514 133.414
3.62188 142.743
3.65524 140.947
3.72198 136.451
3.75535 132.676
3.82208 143.614
3.85545 136.364
3.92218 142.69
3.95554 145.403
4.02228 146.475
4.05565 141.623
4.12238 130.241
4.15574 135.045
4.22248 140.363
4.25584 130.236
4.32258 138.553
4.35595 135.605
4.42268 142.778
4.45604 128.942
4.52278 142.475
4.55614 140.866
4.62288 138.401
4.65625 145.576
4.72298 140.481
4.75634 150.166
4.82308 133.318
4.85644 137.437
4.92318 139.225
4.95655 136.16
5.02328 139.52
5.05664 140.968
5.12338 129.618
5.15674 136.864
5.22348 143.62
5.25685 135.797
5.32358 140.208
5.35694 139.326
5.42368 139.85
5.45704 127.78
5.52378 136.807
5.55715 143.222
5.62388 139.744
5.65724 128.711
5.72398 137.615
5.75734 136.722
5.82408 135.793
5.85745 142.069
5.92418 133.572
5.95754 132.187
6.02428 131.76
6.05764 133.484
6.12438 136.863
6.15775 129.56
6.22448 146.029
6.25784 138.956
6.32458 135.526
6.35794 133.682
6.42468 135.347
6.45805 143.172
6.52478 138.703
6.55814 142.792
6.62488 130.395
6.65824 130.916
6.72498 147.109
6.75835 134.999
6.82508 140.334
6.85844 136.72
6.92518 142.927
6.95854 140.447
7.02528 141.411
7.05865 139.919
7.12538 143.909
7.15874 135.558
7.22548 139.426
7.25884 135.275
7.32558 135.295
7.35895 141.836
7.42568 133.893
7.45904 141.215
7.52578 142.301
7.55915 142.08
7.62588 139.86
7.65925 145.031
7.72598 140.818
7.75934 141.016
7.82608 141.975
7.85945 139.808
7.92618 141.376
7.95955 129.675
8.02628 144.237
8.05964 144.068
8.12638 146.541
8.15974 131.077
8.22648 136.196
8.25985 136.897
8.32658 144.751
8.35994 147.774
8.42668 133.815
8.46004 137.666
8.52678 137.35
8.56015 135.754
8.62688 137.264
8.66024 135
8.72698 141.145
8.76034 134.072
8.82708 149.371
8.86045 133.245
8.92718 138.847
8.96054 135.89
9.02728 134.776
9.06064 138.14
9.12738 133.017
9.16075 146.756
9.22748 148.22
9.26084 148.396
9.32758 135.097
9.36094 138.271
9.42768 150.52
9.46105 141.962
9.52778 151.935
9.56114 150.851
9.62788 140.071
9.66124 141.183
9.72798 142.357
9.76135 129.842
9.82808 136.005
9.86144 141.769
9.92818 135.18
9.96154 147.862
10.0283 140.462
10.0616 131.026
10.1284 140.758
10.1617 133.403
10.2285 135.472
10.2618 138.143
10.3286 140.649
10.3619 143.622
10.4287 148.187
10.462 138.67
10.5288 136.046
10.5621 136.817
10.6289 155.446
10.6622 141.872
10.729 143.268
10.7623 136.721
10.8291 153.152
10.8624 137.533
10.9292 135.093
10.9625 139.488
11.0293 147.987
11.0626 144.593
11.1294 145.045
11.1627 144.583
11.2295 140.463
11.2628 148.02
11.3296 142.587
11.3629 146.814
11.4297 147.483
11.463 137.688
11.5298 142.551
11.5631 145.536
11.6299 132.571
11.6632 148.634
11.73 141.603
11.7633 141.307
11.8301 141.447
11.8634 133.928
11.9302 141.878
11.9635 144.55
12.0303 144.028
12.0636 146.846
12.1304 143.82
12.1637 136.146
12.2305 142.955
12.2638 138.561
12.3306 146.922
12.3639 139.193
12.4307 144.761
12.464 129.963
12.5308 142.147
12.5641 142.887
12.6309 139.126
12.6642 145.221
12.731 142.73
12.7643 143.945
12.8311 145.605
12.8644 141.283
12.9312 148.172
12.9645 145.217
13.0313 141.486
13.0646 134.842
13.1314 139.188
13.1647 141.159
13.2315 134.182
13.2648 144.619
13.3316 140.793
13.3649 146.699
13.4317 138.294
13.465 141.44
13.5318 147.321
13.5651 142.836
13.6319 142.733
13.6652 142.333
13.732 135.445
13.7653 141.222
13.8321 135.954
13.8654 139.287
13.9322 145.273
13.9655 145.534
14.0323 142.039
14.0656 136.936
14.1324 143.544
14.1657 143.712
14.2325 137.499
14.2658 138.41
14.3326 143.285
14.3659 150.677
14.4327 152.05
14.466 152.607
14.5328 150.289
14.5661 150.971
14.6329 144.725
14.6662 135.583
14.733 144.588
14.7663 141.586
14.8331 143.626
14.8664 145.701
14.9332 135.621
14.9665 142.722
15.0333 139.856
15.0666 144.598
15.1334 145.354
15.1667 138.655
15.2335 144.397
15.2668 138.225
15.3336 144.732
15.3669 151.081
15.4337 143.75
15.467 143.213
15.5338 143.524
15.5671 150.142
15.6339 137.648
15.6672 143.178
15.734 136.564
15.7673 138.84
15.8341 134.339
15.8674 138.739
15.9342 151.692
15.9675 138.164
16.0343 134.452
16.0676 140.05
16.1344 139.461
16.1677 145.623
16.2345 140.67
16.2678 140.037
16.3346 136.152
16.3679 138.315
16.4347 133.3
16.468 145.316
16.5348 145.701
16.5681 130.774
16.6349 135.307
16.6682 142.789
16.735 136.291
16.7683 138.596
16.8351 138.537
16.8684 137.197
16.9352 135.12
16.9685 132.193
17.0353 136.906
17.0686 132.97
17.1354 138.835
17.1687 141.389
17.2355 141.664
17.2688 148.334
17.3356 132.802
17.3689 139.162
17.4357 134.779
17.469 136.172
17.5358 139.887
17.5691 133.629
17.6359 144.987
17.6692 140.045
17.736 147.539
17.7693 137.239
17.8361 138.868
17.8694 134.502
17.9362 137.57
17.9695 145.424
18.0363 142.695
18.0696 146.738
18.1364 137.284
18.1697 135.229
18.2365 145.761
18.2698 145.301
18.3366 136.105
18.3699 133.828
18.4367 150.654
18.47 135.247
18.5368 140.677
18.5701 141.783
18.6369 139.831
18.6702 147.577
18.737 149.315
18.7703 152.95
18.8371 158.979
18.8704 166.2
18.9372 149.704
18.9705 158.805
19.0373 153.566
19.0706 153.542
19.1374 157.117
19.1707 158.31
19.2375 155.651
19.2708 147.258
19.3376 152.998
19.3709 151.579
19.4377 162.046
19.471 163.285
19.5378 168.734
19.5711 169.936
19.6379 166.973
19.6712 176.654
19.738 177.698
19.7713 170.162
19.8381 165.515
19.8714 171.035
19.9382 185.531
19.9715 178.552
20.0383 178.582
20.0716 175.434
20.1384 176.973
20.1717 181.572
20.2385 180.227
20.2718 167.534
20.3386 175.092
20.3719 184.303
20.4387 -170.77
20.472 -171.89
20.5388 -180.533
20.5721 -180.611
20.6389 -177.079
20.6722 -166.387
20.739 -173.021
20.7723 -174.006
20.8391 -168.915
20.8724 -184.346
20.9392 -173.664
20.9725 -168.475
21.0393 -175.585
21.0726 -174.724
21.1394 -180.839
21.1727 -166.979
21.2395 -176.924
21.2728 -178.573
21.3396 -172.051
21.3729 -169.823
21.4397 -171.906
21.473 -177.263
21.5398 -178.88
21.5731 -178.473
21.6399 -170.764
21.6732 -179.651
21.74 -173.727
21.7733 -182.454
21.8401 -171.271
21.8734 -170.839
21.9402 -176.19
21.9735 -169.444
22.0403 -184.921
22.0736 -182.808
22.1404 -184.839
22.1737 -175.223
22.2405 -180.734
22.2738 -183.255
22.3406 -182.021
22.3739 -168.531
22.4407 -180.026
22.474 -177.718
22.5408 -182.508
22.5741 -183.467
22.6409 182.076
22.6742 175.88
22.741 168.393
22.7743 172.199
22.8411 167.617
22.8744 172.39
22.9412 177.955
22.9745 171.224
23.0413 170.805
23.0746 172.304
23.1414 165.428
23.1747 164.587
23.2415 160.752
23.2748 160.999
23.3416 159.309
23.3749 156.176
23.4417 162.862
23.475 155.63
23.5418 155.107
23.5751 151.073
23.6419 155.537
23.6752 156.273
23.742 144.886
23.7753 146.155
23.8421 142.572
23.8754 155.268
23.9422 149.956
23.9755 141.203
24.0423 136.88
24.0756 140.962
24.1424 135.99
24.1757 140.934
24.2425 146.849
24.2758 153.226
24.3426 145.85
24.3759 150.472
24.4427 153.288
24.476 147.159
24.5428 135.576
24.5761 139.979
24.6429 149.901
24.6762 135.449
24.743 139.314
24.7763 140.996
24.8431 138.645
24.8764 146.789
24.9432 138.955
24.9765 133.253
25.0433 141.5
25.0766 134.661
25.1434 137.206
25.1767 133.437
25.2435 137.345
25.2768 134.25
25.3436 142.069
25.3769 135.893
25.4437 138.074
25.477 137.396
25.5438 133.972
25.5771 137.789
25.6439 120.882
25.6772 132.798
25.744 121.658
25.7773 130.303
25.8441 122.261
25.8774 123.533
25.9442 128.039
25.9775 125.419
26.0443 124.76
26.0776 124.34
26.1444 119.963
26.1777 121.458
26.2445 118.609
26.2778 121.745
26.3446 126.897
26.3779 126.293
26.4447 131.474
26.478 123.851
26.5448 122.146
26.5781 121.065
26.6449 118.937
26.6782 113.974
26.745 124.487
26.7783 118.972
26.8451 115.761
26.8784 107.527
26.9452 113.019
26.9785 120.688
27.0453 107.966
27.0786 108.427
27.1454 113.187
27.1787 105.984
27.2455 108.288
27.2788 107.378
27.3456 101.893
27.3789 104.11
27.4457 107.497
27.479 100.822
27.5458 99.6372
27.5791 98.6367
27.6459 101.87
27.6792 97.3423
27.746 100.872
27.7793 99.1339
27.8461 102.362
27.8794 88.4934
27.9462 90.3031
27.9795 95.3058
28.0463 103.478
28.0796 91.4886
28.1464 102.817
28.1797 99.9587
28.2465 100.957
28.2798 95.5717
28.3466 103.923
28.3799 92.5513
28.4467 97.4388
28.48 98.1192
28.5468 101.372
28.5801 96.8911
28.6469 102.805
28.6802 92.4183
28.747 100.521
28.7803 92.2958
28.8471 102.318
28.8804 101.007
28.9472 96.0734
28.9805 95.0247
29.0473 97.0715
29.0806 97.518
29.1474 101.792
29.1807 100.459
29.2475 103.68
29.2808 95.0658
29.3476 94.6788
29.3809 92.4837
29.4477 103.233
29.481 96.9552
29.5478 98.3301
29.5811 100.701
29.6479 96.9413
29.6812 88.6831
29.748 95.2381
29.7813 89.8345
29.8481 91.2476
29.8814 95.922
29.9482 93.576
29.9815 102.222
30.0483 99.2842
30.0816 99.005
30.1484 104.821
30.1817 89.3624
30.2485 98.7708
30.2818 98.1821
30.3486 95.1444
30.3819 98.73
30.4487 85.6481
30.482 95.2841
30.5488 89.2507
30.5821 95.8378
30.6489 90.7393
30.6822 96.5901
30.749 91.1554
30.7823 101.204
30.8491 99.6616
30.8824 99.7439
30.9492 92.8972
30.9825 99.5587
31.0493 99.4419
31.0826 93.4015
31.1494 93.9566
31.1827 94.6346
31.2495 88.0712
31.2828 97.9414
31.3496 86.61
31.3829 95.6148
31.4497 91.2698
31.483 98.1696
31.5498 87.1659
31.5831 91.6952
31.6499 88.7718
31.6832 105.787
31.75 91.6943
31.7833 98.3641
31.8501 102.996
31.8834 103.01
31.9502 98.7166
31.9835 85.2968
32.0503 92.5096
32.0836 91.2516
32.1504 97.1243
32.1837 93.3969
32.2505 100.572
32.2838 96.5536
32.3506 91.3713
32.3839 97.3217
32.4507 93.6334
32.484 98.2223
32.5508 100.679
32.5841 97.6125
32.6509 99.5631
32.6842 98.0138
32.751 104.086
32.7843 84.0034
32.8511 96.221
32.8844 103.349
32.9512 91.6665
32.9845 93.7699
33.0513 96.9037
33.0846 94.6845
33.1514 98.0825
33.1847 97.3611
33.2515 94.4501
33.2848 100.148
33.3516 96.2296
33.3849 104.632
33.4517 96.5483
33.485 98.156
33.5518 91.573
33.5851 93.7043
33.6519 101.355
33.6852 91.4248
33.752 94.7812
33.7853 89.2528
33.8521 93.2822
33.8854 88.518
33.9522 95.0463
33.9855 95.8086
34.0523 93.7021
34.0856 86.8337
34.1524 98.1645
34.1857 87.3913
34.2525 96.6645
34.2858 98.2103
34.3526 98.4181
34.3859 101.084
34.4527 91.9664
34.486 86.5353
34.5528 94.6776
34.5861 95.9712
34.6529 96.4499
34.6862 94.6061
34.753 88.208
34.7863 94.899
34.8531 96.4373
34.8864 87.7439
34.9532 87.9059
34.9865 95.6766
35.0533 99.555
35.0866 102.582
35.1534 95.6325
35.1867 91.1392
35.2535 94.9441
35.2868 93.8394
35.3536 93.4724
35.3869 102.988
35.4537 95.0564
35.487 102.157
35.5538 89.0742
35.5871 91.8096
35.6539 98.2469
35.6872 94.1705
35.754 98.0551
35.7873 97.7849
35.8541 96.5705
35.8874 94.566
35.9542 98.6945
35.9875 90.5125
36.0543 98.5302
36.0876 97.4563
36.1544 92.9565
36.1877 98.8153
36.2545 104.07
36.2878 94.3144
36.3546 107.781
36.3879 101.696
36.4547 94.4486
36.488 96.6956
36.5548 100.221
36.5881 91.8054
36.6549 90.6402
36.6882 96.787
36.755 92.8214
36.7883 95.997
36.8551 99.2952
36.8884 93.2951
36.9552 93.3661
36.9885 98.5367
37.0553 98.7977
37.0886 97.2668
37.1554 98.7456
37.1887 96.4593
37.2555 92.6934
37.2888 87.79
37.3556 85.7098
37.3889 89.3644
37.4557 85.7383
37.489 106.291
37.5558 91.8438
37.5891 82.474
37.6559 88.8584
37.6892 95.6497
37.756 98.3466
37.7893 75.1877
37.8561 90.6931
37.8894 89.3304
37.9562 83.561
37.9895 89.6944
38.0563 95.3059
38.0896 84.4669
38.1564 90.0084
38.1897 84.4456
38.2565 85.1102
38.2898 86.627
38.3566 81.3998
38.3899 77.9038
38.4567 77.594
38.49 80.8961
38.5568 83.6388
38.5901 67.3445
38.6569 82.8377
38.6902 75.3584
38.757 71.1505
38.7903 70.4047
38.8571 88.5358
38.8904 85.7025
38.9572 79.8472
38.9905 70.4517
39.0573 66.1477
39.0906 56.7958
39.1574 60.5474
39.1907 64.8364
39.2575 57.5567
39.2908 59.9798
39.3576 51.6456
39.3909 41.8047
39.4577 43.4818
39.491 27.4823
39.5578 25.9248
39.5911 21.9334
39.6579 17.1369
39.6912 13.8624
39.758 20.4512
39.7913 4.82527
39.8581 -4.36464
39.8914 -8.79623
39.9582 -10.7626
39.9915 -19.6743
40.0583 -30.2542
40.0916 -30.7936
40.1584 -32.177
40.1917 -40.8589
40.2585 -57.55
40.2918 -62.4491
40.3586 -53.5306
40.3919 -64.5855
40.4587 -66.7231
40.492 -73.4963
40.5588 -74.7007
40.5921 -78.3842
40.6589 -70.0982
40.6922 -78.1263
40.759 -100.612
40.7923 -99.9551
40.8591 -101.875
40.8924 -104.346
40.9592 -114.032
40.9925 -113.458
41.0593 -132.292
41.0926 -125.284
41.1594 -132.633
41.1927 -134.181
41.2595 -141.477
41.2928 -149.555
41.3596 -160.141
41.3929 -155.114
41.4597 -159.407
41.493 -163.096
41.5598 -163.213
41.5931 -166.562
41.6599 -178.03
41.6932 -186.175
41.76 172.994
41.7933 170.024
41.8601 163.72
41.8934 160.058
41.9602 150.578
41.9935 139.291
42.0603 141.312
42.0936 126.063
42.1604 125.775
42.1937 118.922
42.2605 116.603
42.2938 114.254
42.3606 120.038
42.3939 115.744
42.4607 108.307
42.494 107.709
42.5608 100.527
42.5941 101.207
42.6609 94.5792
42.6942 96.7979
42.761 98.3908
42.7943 88.2228
42.8611 98.8041
42.8944 107.248
42.9612 100.602
42.9945 99.6464
43.0613 99.8505
43.0946 106.553
43.1614 88.5198
43.1947 91.5372
43.2615 92.4052
43.2948 98.292
43.3616 96.2678
43.3949 95.8249
43.4617 107.419
43.495 95.9328
43.5618 99.794
43.5951 99.7941
43.6619 99.6282
43.6952 101.144
43.762 106.732
43.7953 101.554
43.8621 90.8402
43.8954 94.2227
43.9622 91.0437
43.9955 105.569
44.0623 106.426
44.0956 91.2692
44.1624 103.386
44.1957 91.5846
44.2625 95.2161
44.2958 99.2922
44.3626 97.4904
44.3959 108.623
44.4627 103.277
44.496 98.4258
44.5628 103.886
44.5961 98.0019
44.6629 106.331
44.6962 104.955
44.763 106.379
44.7963 108.691
44.8631 98.4369
44.8964 96.4622
44.9632 105.471
44.9965 89.2245
45.0633 93.6702
45.0966 94.422
45.1634 99.2291
45.1967 98.3145
45.2635 104.535
45.2968 102.964
45.3636 98.6263
45.3969 93.734
45.4637 98.4189
45.497 91.7926
45.5638 93.3047
45.5971 93.7282
45.6639 91.2904
45.6972 97.9291
45.764 88.2122
45.7973 94.7774
45.8641 94.5228
45.8974 96.7068
45.9642 91.0614
45.9975 103.182
46.0643 99.8429
46.0976 98.2119
46.1644 103.283
46.1977 97.9701
46.2645 101.503
46.2978 94.0748
46.3646 98.174
46.3979 99.8537
46.4647 87.6061
46.498 93.304
46.5648 98.8521
46.5981 95.1269
46.6649 97.0351
46.6982 100.134
46.765 98.6901
46.7983 100.402
46.8651 97.5805
46.8984 95.5206
46.9652 95.3401
46.9985 104.923
47.0653 100.433
47.0986 92.4944
47.1654 101.13
47.1987 98.9288
47.2655 94.2989
47.2988 96.2893
47.3656 91.9128
47.3989 85.7854
47.4657 96.791
47.499 87.2594
47.5658 95.5883
47.5991 86.3092
47.6659 105.386
47.6992 97.3744
47.766 93.0092
47.7993 96.2408
47.8661 94.1962
47.8994 98.0163
47.9662 104.854
47.9995 98.1466
48.0663 91.9723
48.0996 103.152
48.1664 92.6043
48.1997 99.4665
48.2665 97.0418
48.2998 97.7971
48.3666 98.1159
48.3999 102.611
48.4667 100.925
48.5 97.0735
48.5668 107.301
48.6001 105.889
48.6669 125.166
48.7002 122.284
48.767 117.687
48.8003 129.078
48.8671 129.675
48.9004 129.926
48.9672 143.839
49.0005 155.384
49.0673 146.062
49.1006 145.593
49.1674 146.505
49.2007 153.47
49.2675 165.561
49.3008 159.122
49.3676 178.776
49.4009 180.55
49.4677 -171.436
49.501 -172.78
49.5678 -155.736
49.6011 -156.159
49.6679 -148.866
49.7012 -143.499
49.768 -149.529
49.8013 -122.913
49.8681 -119.899
49.9014 -113.499
49.9682 -112.8
50.0015 -120.306
50.0683 -108.769
50.1016 -102.575
50.1684 -99.7942
50.2017 -96.488
50.2685 -92.3054
50.3018 -90.5349
50.3686 -95.1479
50.4019 -92.1043
50.4687 -95.9791
50.502 -85.9211
50.5688 -90.8622
50.6021 -84.9856
50.6689 -82.653
50.7022 -72.4252
50.769 -81.5801
50.8023 -88.5737
50.8691 -82.0491
50.9024 -86.5227
50.9692 -80.3587
51.0025 -81.1282
51.0693 -69.6319
51.1026 -76.5156
51.1694 -85.7081
51.2027 -85.5344
51.2695 -81.1957
51.3028 -89.7507
51.3696 -82.011
51.4029 -83.8625
51.4697 -80.0371
51.503 -87.1136
51.5698 -85.5077
51.6031 -85.3387
51.6699 -88.1825
51.7032 -82.4235
51.77 -80.2318
51.8033 -79.1555
51.8701 -82.6575
51.9034 -89.481
51.9702 -81.6331
52.0035 -87.9229
52.0703 -81.628
52.1036 -81.2536
52.1704 -72.6335
52.2037 -80.858
52.2705 -87.6209
52.3038 -82.9081
52.3706 -89.6134
52.4039 -78.2296
52.4707 -88.6181
52.504 -94.2439
52.5708 -88.3783
52.6041 -83.093
52.6709 -86.6684
52.7042 -76.4566
52.771 -88.7232
52.8043 -83.953
52.8711 -87.9807
52.9044 -83.2509
52.9712 -87.8812
53.0045 -84.8561
53.0713 -79.2666
53.1046 -91.0692
53.1714 -87.7373
53.2047 -89.4288
53.2715 -94.876
53.3048 -83.7256
53.3716 -82.2811
53.4049 -89.3658
53.4717 -84.2852
53.505 -85.3071
53.5718 -87.2401
53.6051 -88.9601
53.6719 -72.693
53.7052 -86.533
53.772 -87.4015
53.8053 -86.8331
53.8721 -75.8455
53.9054 -83.9433
53.9722 -89.1635
54.0055 -80.0821
54.0723 -85.451
54.1056 -89.1066
54.1724 -84.6648
54.2057 -85.2562
54.2725 -87.3005
54.3058 -77.3227
54.3726 -82.1656
54.4059 -80.1376
54.4727 -88.1046
54.506 -87.0748
54.5728 -89.952
54.6061 -91.1196
54.6729 -76.4786
54.7062 -86.755
54.773 -85.8035
54.8063 -87.0444
54.8731 -83.9517
54.9064 -75.1785
54.9732 -76.5235
55.0065 -88.1588
55.0733 -93.2356
55.1066 -83.8568
55.1734 -85.7578
55.2067 -87.0006
55.2735 -85.0013
55.3068 -88.2664
55.3736 -89.2685
55.4069 -87.744
55.4737 -84.5667
55.507 -78.5654
55.5738 -84.2213
55.6071 -83.4843
55.6739 -87.8627
55.7072 -88.4682
55.774 -87.0588
55.8073 -87.497
55.8741 -98.8408
55.9074 -83.0369
55.9742 -94.1751
56.0075 -90.8752
56.0743 -85.9532
56.1076 -84.0108
56.1744 -79.9363
56.2077 -91.4634
56.2745 -87.2552
56.3078 -84.655
56.3746 -84.3646
56.4079 -82.5245
56.4747 -85.2266
56.508 -70.2381
56.5748 -88.814
56.6081 -79.1617
56.6749 -81.7555
56.7082 -82.7971
56.775 -89.5581
56.8083 -85.9526
56.8751 -82.6244
56.9084 -88.1453
56.9752 -86.7678
57.0085 -89.4112
57.0753 -82.7756
57.1086 -75.4065
57.1754 -84.601
57.2087 -91.2308
57.2755 -82.8206
57.3088 -80.8391
57.3756 -84.7655
57.4089 -77.9524
57.4757 -90.1402
57.509 -86.1209
57.5758 -92.9095
57.6091 -95.2379
57.6759 -88.6209
57.7092 -89.6586
57.776 -100.087
57.8093 -95.5248
57.8761 -82.8716
57.9094 -83.2903
57.9762 -79.9003
58.0095 -89.4395
58.0763 -86.1859
58.1096 -87.1945
58.1764 -74.0808
58.2097 -84.795
58.2765 -86.723
58.3098 -78.0044
58.3766 -87.6968
58.4099 -86.4152
58.4767 -89.3177
58.51 -82.0949
58.5768 -97.0761
58.6101 -84.1523
58.6769 -86.6314
58.7102 -87.7948
58.777 -80.9941
58.8103 -86.4982
58.8771 -86.0338
58.9104 -89.1418
58.9772 -90.5674
59.0105 -82.5673
59.0773 -85.43
59.1106 -82.1569
59.1774 -79.4184
59.2107 -78.5981
59.2775 -82.2503
59.3108 -83.2763
59.3776 -93.6577
59.4109 -96.6956
59.4777 -83.9318
59.511 -85.391
59.5778 -82.728
59.6111 -82.9765
59.6779 -73.8202
59.7112 -79.8949
59.778 -89.8674
59.8113 -80.9615
59.8781 -78.705
59.9114 -84.3682
59.9782 -86.5665
60.0115 -82.0499
60.0783 -85.7959
60.1116 -74.1915
60.1784 -86.1188
60.2117 -85.5186
60.2785 -86.3449
60.3118 -80.4057
60.3786 -82.9714
60.4119 -80.5969
60.4787 -73.9916
60.512 -77.4505
60.5788 -67.6391
60.6121 -74.7535
60.6789 -74.2676
60.7122 -67.0737
60.779 -62.7608
60.8123 -65.4796
60.8791 -64.3404
60.9124 -50.3633
60.9792 -58.3725
61.0125 -52.8482
61.0793 -60.4203
61.1126 -46.5515
61.1794 -59.2405
61.2127 -50.028
61.2795 -54.9692
61.3128 -54.0788
61.3796 -44.9921
61.4129 -52.4557
61.4797 -43.9096
61.513 -50.5273
61.5798 -47.3781
61.6131 -49.5428
61.6799 -47.981
61.7132 -40.3644
61.78 -42.9243
61.8133 -44.0253
61.8801 -42.1502
61.9134 -41.3263
61.9802 -43.8287
62.0135 -43.3818
62.0803 -47.9764
62.1136 -44.5119
62.1804 -50.0959
62.2137 -40.4258
62.2805 -39.6996
62.3138 -39.0577
62.3806 -41.8029
62.4139 -31.585
62.4807 -45.5487
62.514 -29.0052
62.5808 -37.6418
62.6141 -34.3897
62.6809 -36.044
62.7142 -38.2957
62.781 -42.8019
62.8143 -40.9735
62.8811 -34.9635
62.9144 -38.8634
62.9812 -37.0377
63.0145 -49.0193
63.0813 -41.6037
63.1146 -54.2196
63.1814 -46.4473
63.2147 -45.4926
63.2815 -35.3532
63.3148 -46.9882
63.3816 -42.9783
63.4149 -44.6378
63.4817 -37.8573
63.515 -42.7162
63.5818 -41.1671
63.6151 -38.3726
63.6819 -55.0377
63.7152 -43.466
63.782 -46.9725
63.8153 -48.8355
63.8821 -35.4099
63.9154 -55.5392
63.9822 -50.6176
64.0155 -52.038
64.0823 -64.7621
64.1156 -70.6751
64.1824 -61.8414
64.2157 -57.5227
64.2825 -63.1371
64.3158 -71.8895
64.3826 -68.9485
64.4159 -72.3919
64.4827 -69.865
64.516 -67.5113
64.5828 -83.0578
64.6161 -80.5014
64.6829 -84.3084
64.7162 -77.1402
64.783 -105.551
64.8163 -90.242
64.8831 -95.2084
64.9164 -102.543
64.9832 -102.793
65.0165 -107.856
65.0833 -99.9786
65.1166 -104.372
65.1834 -116.614
65.2167 -103.434
65.2835 -104.451
65.3168 -107.611
65.3836 -109.338
65.4169 -111.101
65.4837 -105.984
65.517 -98.4312
65.5838 -106.563
65.6171 -109.616
65.6839 -100.17
65.7172 -102.257
65.784 -105.682
65.8173 -111.904
65.8841 -102.368
65.9174 -112.117
65.9842 -117.389
66.0175 -110.65
66.0843 -108.069
66.1176 -107.539
66.1844 -113.148
66.2177 -102.019
66.2845 -104.726
66.3178 -111.016
66.3846 -111.326
66.4179 -103.782
66.4847 -111.04
66.518 -113.689
66.5848 -112.948
66.6181 -108.095
66.6849 -105.159
66.7182 -102.38
66.785 -101.879
66.8183 -106.156
66.8851 -113.164
66.9184 -110.944
66.9852 -105.074
67.0185 -105.425
67.0853 -110.082
67.1186 -97.5601
67.1854 -101.789
67.2187 -101.026
67.2855 -108.999
67.3188 -102.036
67.3856 -104.344
67.4189 -109.283
67.4857 -107.154
67.519 -105.023
67.5858 -104.964
67.6191 -98.077
67.6859 -104.084
67.7192 -104.773
67.786 -105.121
67.8193 -107.521
67.8861 -110.806
67.9194 -114.265
67.9862 -102.594
68.0195 -103.401
68.0863 -105.479
68.1196 -101.855
68.1864 -114.082
68.2197 -102.224
68.2865 -116.489
68.3198 -112.301
68.3866 -107.832
68.4199 -105.641
68.4867 -113.096
68.52 -113.378
68.5868 -111.733
68.6201 -112.906
68.6869 -117.81
68.7202 -121.27
68.787 -111.817
68.8203 -108.206
68.8871 -111.321
68.9204 -111.701
68.9872 -115.499
69.0205 -108.553
69.0873 -107.205
69.1206 -111.247
69.1874 -105.165
69.2207 -110.181
69.2875 -108.025
69.3208 -114.968
69.3876 -109.669
69.4209 -105.024
69.4877 -104.882
69.521 -97.2902
69.5878 -103.215
69.6211 -93.5483
69.6879 -90.5508
69.7212 -94.6302
69.788 -86.1919
69.8213 -83.9455
69.8881 -77.8552
69.9214 -82.8522
69.9882 -66.9563
70.0215 -77.9519
70.0883 -59.7232
70.1216 -71.5889
70.1884 -76.0546
70.2217 -62.8284
70.2885 -55.4973
70.3218 -57.3802
70.3886 -60.6312
70.4219 -73.5745
70.4887 -61.0692
70.522 -64.6166
70.5888 -62.5227
70.6221 -60.3543
70.6889 -49.5329
70.7222 -52.1805
70.789 -55.1939
70.8223 -48.9784
70.8891 -62.7576
70.9224 -47.6287
70.9892 -51.9584
71.0225 -48.2291
71.0893 -47.8522
71.1226 -45.2902
71.1894 -59.1403
71.2227 -44.0937
71.2895 -44.5835
71.3228 -56.8589
71.3896 -45.5026
71.4229 -50.0373
71.4897 -54.1383
71.523 -52.6515
71.5898 -55.5959
71.6231 -60.331
71.6899 -44.8429
71.7232 -46.0823
71.79 -46.746
71.8233 -41.5081
71.8901 -46.3733
71.9234 -36.9927
71.9902 -39.7294
72.0235 -42.5649
72.0903 -36.8772
72.1236 -40.9275
72.1904 -47.5242
72.2237 -30.2855
72.2905 -31.4737
72.3238 -43.2923
72.3906 -45.3718
72.4239 -44.4534
72.4907 -35.9974
72.524 -44.5065
72.5908 -46.1647
72.6241 -43.3501
72.6909 -39.8879
72.7242 -40.763
72.791 -34.6168
72.8243 -28.6105
72.8911 -31.9015
72.9244 -22.3503
72.9912 -29.9622
73.0245 -24.611
73.0913 -29.6807
73.1246 -33.5347
73.1914 -24.0055
73.2247 -27.2216
73.2915 -25.7814
73.3248 -22.169
73.3916 -18.1233
73.4249 -14.4065
73.4917 -21.1697
73.525 -19.0608
73.5918 -13.5426
73.6251 -8.46128
73.6919 -18.5721
73.7252 -4.3124
73.792 -18.3944
73.8253 -6.22851
73.8921 -5.50902
73.9254 2.68315
73.9922 -7.23769
74.0255 -5.65694
74.0923 -8.82839
74.1256 -8.747
74.1924 -10.7657
74.2257 -13.5543
74.2925 -3.62758
74.3258 -7.39016
74.3926 -0.182744
74.4259 1.95209
74.4927 -1.90982
74.526 9.8962
74.5928 0.552547
74.6261 2.03657
74.6929 -1.4056
74.7262 5.46687
74.793 9.1856
74.8263 2.18206
74.8931 -3.2031
74.9264 4.23869
74.9932 7.06061
75.0265 7.71909
75.0933 9.32291
75.1266 0.397347
75.1934 13.3094
75.2267 0.601773
75.2935 4.68132
75.3268 3.45978
75.3936 7.8131
75.4269 1.6409
75.4937 6.23483
75.527 5.10899
75.5938 2.99732
75.6271 16.031
75.6939 12.5407
75.7272 2.98544
75.794 -2.31449
75.8273 15.8444
75.8941 -11.8632
75.9274 4.75651
75.9942 7.10614
76.0275 -0.461324
76.0943 -0.700847
76.1276 -4.9581
76.1944 -9.29189
76.2277 -0.418729
76.2945 -2.4563
76.3278 2.13372
76.3946 -1.02466
76.4279 -1.34593
76.4947 -7.61395
76.528 -3.99356
76.5948 -5.07865
76.6281 3.54084
76.6949 -4.28335
76.7282 -8.45529
76.795 -9.99153
76.8283 -2.35393
76.8951 -2.78025
76.9284 -1.85223
76.9952 -15.1326
77.0285 -10.5559
77.0953 5.33909
77.1286 -10.3363
77.1954 -13.3332
77.2287 -13.139
77.2955 -11.9863
77.3288 -19.8409
77.3956 -1.98774
77.4289 -7.83504
77.4957 -12.0929
77.529 0.0589352
77.5958 -7.68137
77.6291 -14.7856
77.6959 -16.7326
77.7292 -8.48729
77.796 -19.9133
77.8293 -13.1248
77.8961 -22.9566
77.9294 -8.71135
77.9962 -19.6632
78.0295 -21.2001
78.0963 -24.771
78.1296 -26.6521
78.1964 -22.8994
78.2297 -26.9452
78.2965 -29.5312
78.3298 -13.4929
78.3966 -26.3857
78.4299 -25.4954
78.4967 -25.2086
78.53 -29.4164
78.5968 -30.9192
78.6301 -31.3796
78.6969 -28.0715
78.7302 -35.2
78.797 -34.7376
78.8303 -27.0818
78.8971 -33.3593
78.9304 -36.7658
78.9972 -28.0162
79.0305 -39.8152
79.0973 -34.4836
79.1306 -30.3302
79.1974 -35.838
79.2307 -31.8456
79.2975 -36.8869
79.3308 -31.6851
79.3976 -31.7159
79.4309 -40.9417
79.4977 -32.7715
79.531 -33.2786
79.5978 -34.7383
79.6311 -38.8933
79.6979 -30.7552
79.7312 -34.7913
79.798 -41.3222
79.8313 -41.448
79.8981 -32.4747
79.9314 -44.6655
79.9982 -31.2259
80.0315 -36.286
80.0983 -45.4379
80.1316 -40.6192
80.1984 -38.6754
80.2317 -33.6959
80.2985 -39.3279
80.3318 -38.7727
80.3986 -44.8437
80.4319 -43.0718
80.4987 -39.4858
80.532 -40.6562
80.5988 -32.2476
80.6321 -31.3721
80.6989 -38.09
80.7322 -38.8946
80.799 -38.0128
80.8323 -41.8454
80.8991 -32.3836
80.9324 -43.1793
80.9992 -44.7968
81.0325 -29.7853
81.0993 -38.153
81.1326 -34.1263
81.1994 -36.4821
81.2327 -37.5454
81.2995 -39.8936
81.3328 -33.0258
81.3996 -31.6091
81.4329 -35.6619
81.4997 -28.796
81.533 -40.6099
81.5998 -36.288
81.6331 -35.2194
81.6999 -39.9157
81.7332 -36.4304
81.8 -37.2404
81.8333 -30.3663
81.9001 -42.8203
81.9334 -46.0548
82.0002 -36.1414
82.0335 -42.6924
82.1003 -42.4174
82.1336 -31.5921
82.2004 -33.6651
82.2337 -42.7484
82.3005 -43.6604
82.3338 -33.9572
82.4006 -38.0022
82.4339 -40.7326
82.5007 -49.3728
82.534 -35.6657
82.6008 -29.1767
82.6341 -37.8198
82.7009 -36.7104
82.7342 -41.5239
82.801 -49.672
82.8343 -48.65
82.9011 -43.3014
82.9344 -26.8433
83.0012 -37.3902
83.0345 -38.5721
83.1013 -48.1735
83.1346 -37.7132
83.2014 -34.5771
83.2347 -42.9006
83.3015 -39.1856
83.3348 -44.9254
83.4016 -43.6678
83.4349 -39.1811
83.5017 -47.0225
83.535 -48.9229
83.6018 -52.6339
83.6351 -48.454
83.7019 -44.2758
83.7352 -35.467
83.802 -35.2143
83.8353 -26.5085
83.9021 -48.3429
83.9354 -37.8795
84.0022 -39.4414
84.0355 -37.9814
84.1023 -32.4073
84.1356 -36.7949
84.2024 -49.1188
84.2357 -39.0908
84.3025 -49.501
84.3358 -41.6659
84.4026 -39.8697
84.4359 -40.5198
84.5027 -50.691
84.536 -41.0607
84.6028 -52.6776
84.6361 -40.3711
84.7029 -41.9637
84.7362 -53.7241
84.803 -40.2775
84.8363 -41.9413
84.9031 -41.4007
84.9364 -37.6916
85.0032 -42.3079
85.0365 -37.9842
85.1033 -49.3437
85.1366 -47.2203
85.2034 -37.0202
85.2367 -41.5248
85.3035 -54.4675
85.3368 -45.1202
85.4036 -49.8697
85.4369 -42.3775
85.5037 -46.3561
85.537 -49.4274
85.6038 -39.6338
85.6371 -35.2793
85.7039 -34.4692
85.7372 -42.4499
85.804 -41.9578
85.8373 -47.8808
85.9041 -41.9842
85.9374 -34.0052
86.0042 -46.5265
86.0375 -48.8138
86.1043 -42.4983
86.1376 -42.3693
86.2044 -47.5236
86.2377 -48.3879
86.3045 -34.9949
86.3378 -50.0744
86.4046 -48.0694
86.4379 -32.5851
86.5047 -42.6367
86.538 -50.9482
86.6048 -44.0114
86.6381 -41.8013
86.7049 -49.757
86.7382 -43.5179
86.805 -42.0615
86.8383 -42.7457
86.9051 -47.8804
86.9384 -50.736
87.0052 -44.945
87.0385 -40.6649
87.1053 -41.8778
87.1386 -48.5075
87.2054 -32.7654
87.2387 -46.7021
87.3055 -40.7223
87.3388 -46.5842
87.4056 -43.317
87.4389 -41.7275
87.5057 -46.7678
87.539 -49.676
87.6058 -41.5191
87.6391 -43.634
87.7059 -44.5133
87.7392 -36.5016
87.806 -42.3021
87.8393 -33.8396
87.9061 -36.2205
87.9394 -35.9987
88.0062 -43.1495
88.0395 -30.3667
88.1063 -33.552
88.1396 -46.9161
88.2064 -31.8055
88.2397 -40.4723
88.3065 -45.6157
88.3398 -49.4119
88.4066 -40.9693
88.4399 -32.9258
88.5067 -32.1668
88.54 -38.3456
88.6068 -46.9932
88.6401 -36.1053
88.7069 -53.1004
88.7402 -46.4169
88.807 -47.4839
88.8403 -35.2865
88.9071 -40.133
88.9404 -32.2976
89.0072 -33.405
89.0405 -45.4135
89.1073 -33.007
89.1406 -34.1921
89.2074 -43.2585
89.2407 -42.0304
89.3075 -40.6085
89.3408 -41.4416
89.4076 -36.5219
89.4409 -30.4275
89.5077 -37.4113
89.541 -35.4598
89.6078 -37.4498
89.6411 -37.205
89.7079 -40.5396
89.7412 -34.3983
89.808 -24.3086
89.8413 -47.7831
89.9081 -28.4085
89.9414 -36.5554
90.0082 -42.5867
90.0415 -40.8886
90.1083 -37.3671
90.1416 -39.298
90.2084 -31.2258
90.2417 -32.4549
90.3085 -25.0923
90.3418 -47.7844
90.4086 -33.5082
90.4419 -35.4456
90.5087 -36.1407
90.542 -45.979
90.6088 -28.0411
90.6421 -34.4041
90.7089 -43.7433
90.7422 -29.2607
90.809 -31.7429
90.8423 -37.4251
90.9091 -41.2552
90.9424 -43.1229
91.0092 -36.9846
91.0425 -34.3783
91.1093 -37.4571
91.1426 -35.8748
91.2094 -36.0681
91.2427 -35.1993
91.3095 -38.1756
91.3428 -25.4359
91.4096 -29.8316
91.4429 -36.9641
91.5097 -30.1566
91.543 -28.493
91.6098 -34.3759
91.6431 -32.4556
91.7099 -22.1012
91.7432 -39.4799
91.81 -43.8559
91.8433 -36.7246
91.9101 -41.5175
91.9434 -33.2765
92.0102 -47.0141
92.0435 -42.3074
92.1103 -47.5993
92.1436 -40.45
92.2104 -43.7998
92.2437 -50.482
92.3105 -40.4059
92.3438 -37.4472
92.4106 -38.5404
92.4439 -44.8192
92.5107 -32.836
92.544 -36.9247
92.6108 -40.3977
92.6441 -43.4994
92.7109 -46.7088
92.7442 -44.2789
92.811 -45.7444
92.8443 -41.9785
92.9111 -52.3047
92.9444 -39.0739
93.0112 -39.0638
93.0445 -42.0384
93.1113 -43.5297
93.1446 -41.6521
93.2114 -33.0247
93.2447 -38.7602
93.3115 -29.8053
93.3448 -38.3313
93.4116 -40.7685
93.4449 -41.1
93.5117 -39.3058
93.545 -35.494
93.6118 -43.0538
93.6451 -39.5901
93.7119 -42.566
93.7452 -32.1371
93.812 -31.6459
93.8453 -38.9284
93.9121 -32.7556
93.9454 -41.4896
94.0122 -30.8028
94.0455 -32.8051
94.1123 -39.9046
94.1456 -30.5935
94.2124 -21.7745
94.2457 -37.3218
94.3125 -31.3874
94.3458 -36.019
94.4126 -35.5982
94.4459 -36.2279
94.5127 -35.5799
94.546 -39.7874
94.6128 -30.9865
94.6461 -36.3822
94.7129 -32.8866
94.7462 -31.1533
94.813 -37.2756
94.8463 -37.1962
94.9131 -31.8797
94.9464 -37.2557
95.0132 -32.4901
95.0465 -30.5754
95.1133 -30.8421
95.1466 -33.4951
95.2134 -43.547
95.2467 -40.5301
95.3135 -38.7782
95.3468 -33.4423
95.4136 -29.4208
95.4469 -38.399
95.5137 -54.0162
95.547 -40.1876
95.6138 -38.3458
95.6471 -33.9071
95.7139 -41.0016
95.7472 -34.7232
95.814 -35.7352
95.8473 -40.04
95.9141 -37.0288
95.9474 -31.2584
96.0142 -41.5423
96.0475 -43.5397
96.1143 -49.2829
96.1476 -47.5276
96.2144 -43.552
96.2477 -44.0195
