0.020513 145.728
0.05388 138.619
0.120613 139.352
0.15398 139.4
0.220713 143.479
0.25408 136.116
0.320813 134.437
0.35418 140.64
0.420913 131.346
0.45428 142.761
0.521013 145.028
0.55438 144.891
0.621113 144.961
0.65448 142.694
0.721213 137.351
0.75458 147.36
0.821313 139.94
0.85468 137.678
0.921413 141.564
0.95478 136.463
1.02151 136.91
1.05488 145.874
1.12161 143.237
1.15498 150.022
1.22171 137.471
1.25508 143.284
1.32181 139.377
1.35518 144.011
1.42191 140.685
1.45528 136.304
1.52201 140.036
1.55538 143.19
1.62211 149.972
1.65548 134.491
1.72221 142.947
1.75558 136.54
1.82231 128.254
1.85568 134.165
1.92241 133.481
1.95578 134.017
2.02251 138.827
2.05588 135.073
2.12261 141.638
2.15598 137.844
2.22271 128.706
2.25608 130.534
2.32281 134.614
2.35618 140.238
2.42291 138.492
2.45628 139.508
2.52301 139.221
2.55638 142.545
2.62311 142.469
2.65648 147.219
2.72321 144.481
2.75658 136.615
2.82331 129.518
2.85668 137.741
2.92341 131.47
2.95678 128.015
3.02351 135.936
3.05688 131.201
3.12361 132.973
3.15698 139.303
3.22371 131.252
3.25708 127.084
3.32381 135.268
3.35718 133.972
3.42391 131.722
3.45728 134.822
3.52401 129.598
3.55738 131.279
3.62411 141.076
3.65748 139.105
3.72421 133.2
3.75758 128.355
3.82431 137.483
3.85768 129.684
3.92441 135.912
3.95778 138.682
4.02451 139.748
4.05788 135.136
4.12461 124.933
4.15798 130.706
4.22471 137.536
4.25808 128.433
4.32481 137.561
4.35818 135.049
4.42491 142.676
4.45828 129.221
4.52501 143.496
4.55838 141.705
4.62511 139.117
4.65848 145.618
4.72521 139.023
4.75858 147.934
4.82531 130.593
4.85868 134.632
4.92541 136.019
4.95878 132.783
5.02551 136.896
5.05888 138.964
5.12561 128.965
5.15898 137.046
5.22571 144.906
5.25908 137.195
5.32581 142.257
5.35918 141.748
5.42591 142.538
5.45928 130.108
5.52601 138.516
5.55938 144.593
5.62611 140.07
5.65948 128.528
5.72621 137.168
5.75958 136.29
5.82631 134.902
5.85968 140.938
5.92641 132.731
5.95978 131.811
6.02651 132.16
6.05988 134.372
6.12661 138.301
6.15998 131.049
6.22671 147.329
6.26008 140.424
6.32681 136.648
6.36018 134.453
6.42691 134.63
6.46028 141.556
6.52701 135.651
6.56038 139.604
6.62711 127.229
6.66048 127.615
6.72721 143.645
6.76058 131.633
6.82731 137.215
6.86068 133.793
6.92741 140.91
6.96078 138.565
7.02751 139.672
7.06088 138.246
7.12761 142.71
7.16098 134.715
7.22771 138.335
7.26108 133.563
7.32781 132.363
7.36118 137.938
7.42791 129.186
7.46128 136.192
7.52801 137.356
7.56138 136.852
7.62811 135.079
7.66148 140.605
7.72821 137.599
7.76158 138.617
7.82831 141.255
7.86168 139.833
7.92841 142.338
7.96178 130.672
8.02851 145.906
8.06188 145.923
8.12861 147.631
8.16198 131.406
8.22871 134.452
8.26208 134.268
8.32881 140.292
8.36218 142.841
8.42891 128.279
8.46228 131.857
8.52901 131.314
8.56238 130.025
8.62911 132.389
8.66248 130.804
8.72921 138.471
8.76258 131.899
8.82931 147.817
8.86268 131.961
8.92941 137.837
8.96278 134.478
9.02951 131.315
9.06288 133.585
9.12961 126.612
9.16298 139.39
9.22971 139.702
9.26308 139.83
9.32981 126.264
9.36318 129.377
9.42991 141.775
9.46328 133.707
9.53001 145.627
9.56338 145.541
9.63011 136.198
9.66348 137.633
9.73021 139.259
9.76358 127.142
9.83031 133.645
9.86368 138.949
9.93041 130.828
9.96378 142.578
10.0305 133.888
10.0639 124.43
10.1306 134.729
10.164 127.653
10.2307 129.861
10.2641 132.652
10.3308 136.334
10.3642 140.14
10.4309 146.491
10.4643 137.338
10.531 134.604
10.5644 135.336
10.6311 154.231
10.6645 140.706
10.7312 141.116
10.7646 133.812
10.8313 148.371
10.8647 131.928
10.9314 128.217
10.9648 132.289
11.0315 140.713
11.0649 137.014
11.1316 137.152
11.165 137.141
11.2317 134.125
11.2651 142.401
11.3318 137.541
11.3652 141.956
11.4319 142.809
11.4653 133.147
11.532 138.145
11.5654 140.726
11.6321 126.881
11.6655 142.405
11.7322 134.654
11.7656 134.309
11.8323 134.901
11.8657 127.495
11.9324 135.167
11.9658 137.851
12.0325 137.475
12.0659 140.697
12.1326 139.447
12.166 132.897
12.2327 141.533
12.2661 137.663
12.3328 146.68
12.3662 138.943
12.4329 143.505
12.4663 127.979
12.533 137.677
12.5664 137.006
12.6331 132.179
12.6665 138.277
12.7332 135.547
12.7666 136.814
12.8333 139.214
12.8667 135.188
12.9334 143.086
12.9668 140.676
13.0335 138.628
13.0669 132.575
13.1336 137.56
13.167 139.654
13.2337 132.557
13.2671 142.598
13.3338 137.139
13.3672 141.493
13.4339 130.655
13.4673 133.432
13.534 139.336
13.5674 134.923
13.6341 134.952
13.6675 134.741
13.7342 128.675
13.7676 135.186
13.8343 131.239
13.8677 134.9
13.9344 141.069
13.9678 141.541
14.0345 138.233
14.0679 132.844
14.1346 137.23
14.168 136.139
14.2347 127.697
14.2681 128.08
14.3348 132.425
14.3682 139.728
14.4349 140.514
14.4683 140.829
14.535 138.708
14.5684 139.821
14.6351 134.908
14.6685 126.726
14.7352 137.477
14.7686 134.939
14.8353 137.499
14.8687 139.454
14.9354 128.3
14.9688 134.504
15.0355 129.529
15.0689 133.15
15.1356 132.531
15.169 125.518
15.2357 130.935
15.2691 124.687
15.3358 131.422
15.3692 137.977
15.4359 131.785
15.4693 131.974
15.536 134.081
15.5694 141.78
15.6361 131.452
15.6695 137.848
15.7362 131.827
15.7696 134.25
15.8363 129.204
15.8697 132.689
15.9364 144.142
15.9698 130.092
16.0365 125.236
16.0699 130.295
16.1366 128.651
16.17 134.808
16.2367 130.083
16.2701 129.768
16.3368 126.859
16.3702 129.488
16.4369 125.552
16.4703 138.291
16.537 140.03
16.5704 125.486
16.6371 130.12
16.6705 137.238
16.7372 129.826
16.7706 131.943
16.8373 131.665
16.8707 129.767
16.9374 125.825
16.9708 122.303
17.0375 126.862
17.0709 123.282
17.1376 130.04
17.171 133.073
17.2377 134.624
17.2711 141.859
17.3378 127.706
17.3712 134.907
17.4379 131.039
17.4713 132.458
17.538 135.871
17.5714 129.397
17.6381 140.149
17.6715 134.693
17.7382 141.185
17.7716 130.576
17.8383 132.019
17.8717 127.614
17.9384 131.308
17.9718 139.347
18.0385 136.693
18.0719 141.087
18.1386 132.919
18.172 131.397
18.2387 142.762
18.2721 142.837
18.3388 133.262
18.3722 130.679
18.4389 147.237
18.4723 131.818
18.539 136.097
18.5724 136.19
18.6391 132.659
18.6725 139.501
18.7392 140.187
18.7726 143.338
18.8393 149.261
18.8727 156.955
18.9394 140.754
18.9728 150.222
19.0395 145.604
19.0729 145.752
19.1396 149.798
19.173 151.43
19.2397 149.188
19.2731 141.041
19.3398 148.249
19.3732 146.871
19.4399 158.084
19.4733 159.33
19.54 164.323
19.5734 165.796
19.6401 163.733
19.6735 173.612
19.7402 175.186
19.7736 167.743
19.8403 162.871
19.8737 168.258
19.9404 182.086
19.9738 174.714
20.0405 174.125
20.0739 170.084
20.1406 172.928
20.174 178.218
20.2407 178.651
20.2741 166.567
20.3408 175.799
20.3742 -174.739
20.4409 -170.142
20.4743 -172.358
20.541 -181.853
20.5744 -182.547
20.6411 -180.638
20.6745 -170.558
20.7412 181.404
20.7746 180.282
20.8413 185.831
20.8747 170.805
20.9414 181.471
20.9748 187.358
21.0415 181.336
21.0749 183.084
21.1416 -181.482
21.175 -166.348
21.2417 -174.9
21.2751 -176.486
21.3418 -170.658
21.3752 -168.994
21.4419 -172.9
21.4753 -179.393
21.542 -182.376
21.5754 -181.78
21.6421 -174.262
21.6755 -183.965
21.7422 -178.325
21.7756 -187.239
21.8423 183.574
21.8757 184.02
21.9424 178.984
21.9758 186.138
22.0425 -188.288
22.0759 -186.031
22.1426 -187.095
22.176 -177.096
22.2427 -182.678
22.2761 -185.654
22.3428 174.206
22.3762 186.585
22.4429 172.491
22.4763 173.855
22.543 167.663
22.5764 166.202
22.6431 170.731
22.6765 164.064
22.7432 155.979
22.7766 160.287
22.8433 156.547
22.8767 161.878
22.9434 168.517
22.9768 161.722
23.0435 161.515
23.0769 161.85
23.1436 154.247
23.177 152.907
23.2437 147.934
23.2771 146.87
23.3438 143.362
23.3772 139.833
23.4439 146.517
23.4773 140.676
23.544 139.981
23.5774 136.595
23.6441 143.35
23.6775 145.233
23.7442 135.732
23.7776 138.163
23.8443 136.573
23.8777 149.496
23.9444 144.853
23.9778 136.316
24.0445 131.423
24.0779 135.043
24.1446 126.447
24.178 130.154
24.2447 134.141
24.2781 139.461
24.3448 130.962
24.3782 134.855
24.4449 136.269
24.4783 129.764
24.545 118.681
24.5784 123.398
24.6451 133.996
24.6785 120.186
24.7452 125.134
24.7786 127.039
24.8453 125.571
24.8787 134.239
24.9454 127.137
24.9788 121.142
25.0455 127.545
25.0789 119.815
25.1456 120.896
25.179 116.773
25.2457 119.389
25.2791 115.81
25.3458 122.393
25.3792 116.054
25.4459 117.762
25.4793 117.232
25.546 115.661
25.5794 120.579
25.6461 105.336
25.6795 118.079
25.7462 108.561
25.7796 117.881
25.8463 109.912
25.8797 110.713
25.9464 114.151
25.9798 110.94
26.0465 108.364
26.0799 107.052
26.1466 100.937
26.18 101.557
26.2467 97.1714
26.2801 99.5021
26.3468 103.704
26.3802 102.59
26.4469 106.512
26.4803 98.8058
26.547 98.2449
26.5804 97.3807
26.6471 96.2845
26.6805 92.6692
26.7472 104.908
26.7806 100.222
26.8473 98.4025
26.8807 90.3654
26.9474 96.5629
26.9808 104.488
27.0475 92.632
27.0809 93.6253
27.1476 99.6291
27.181 92.7846
27.2477 94.9711
27.2811 93.7755
27.3478 87.742
27.3812 90.4782
27.4479 95.8338
27.4813 90.4805
27.548 91.6383
27.5814 92.2179
27.6481 97.023
27.6815 92.5777
27.7482 95.6626
27.7816 93.4556
27.8483 96.741
27.8817 83.3265
27.9484 85.7525
27.9818 91.4885
28.0485 99.9274
28.0819 87.8129
28.1486 98.6777
28.182 95.449
28.2487 96.1605
28.2821 90.795
28.3488 100.361
28.3822 89.7647
28.4489 94.9849
28.4823 95.5201
28.549 98.252
28.5824 93.1774
28.6491 98.156
28.6825 88.468
28.7492 97.914
28.7826 90.3793
28.8493 99.8558
28.8827 97.9496
28.9494 92.4682
28.9828 91.4738
29.0495 93.6864
29.0829 93.8553
29.1496 97.8742
29.183 96.3578
29.2497 99.4087
29.2831 90.9892
29.3498 91.3797
29.3832 89.2593
29.4499 99.2288
29.4833 92.4869
29.55 91.8336
29.5834 93.8403
29.6501 90.9484
29.6835 83.2789
29.7502 90.9086
29.7836 85.6205
29.8503 86.0544
29.8837 90.1453
29.9504 86.5278
29.9838 94.6593
30.0505 90.9224
30.0839 90.5443
30.1506 97.3986
30.184 82.8213
30.2507 93.9091
30.2841 93.5701
30.3508 89.0189
30.3842 92.7249
30.4509 79.0313
30.4843 88.6848
30.551 83.6342
30.5844 90.9283
30.6511 85.4666
30.6845 90.7173
30.7512 84.7936
30.7846 94.6841
30.8513 91.6292
30.8847 91.195
30.9514 84.1622
30.9848 90.5313
31.0515 89.59
31.0849 83.6287
31.1516 84.737
31.185 85.6034
31.2517 78.7427
31.2851 88.2877
31.3518 76.5788
31.3852 85.5282
31.4519 81.4668
31.4853 88.424
31.552 77.5946
31.5854 82.3753
31.6521 80.142
31.6855 97.5654
31.7522 84.1862
31.7856 90.8317
31.8523 94.4016
31.8857 93.4503
31.9524 88.3652
31.9858 75.6639
32.0525 83.9473
32.0859 82.2268
32.1526 87.101
32.186 82.5781
32.2527 88.2866
32.2861 84.0523
32.3528 79.5481
32.3862 86.2823
32.4529 84.4308
32.4863 89.5378
32.553 91.7727
32.5864 88.4938
32.6531 89.8995
32.6865 87.9024
32.7532 93.1306
32.7866 72.9454
32.8533 85.9686
32.8867 94.0115
32.9534 83.7662
32.9868 86.5198
33.0535 90.1446
33.0869 87.2762
33.1536 88.2907
33.187 86.7004
33.2537 92.9199
33.2871 98.214
33.3538 92.7603
33.3872 100.214
33.4539 90.7525
33.4873 92.4698
33.554 87.3135
33.5874 79.6461
33.6541 87.513
33.6875 78.4764
33.7542 84.5929
33.7876 79.982
33.8543 84.1463
33.8877 79.4642
33.9544 85.884
33.9878 86.6639
34.0545 84.5626
34.0879 77.6577
34.1546 88.9107
34.188 78.0767
34.2547 86.6516
34.2881 87.7423
34.3548 86.9737
34.3882 88.9753
34.4549 78.7997
34.4883 72.8235
34.555 81.4683
34.5884 83.288
34.6551 84.8375
34.6885 83.4848
34.7552 77.4483
34.7886 83.8882
34.8553 84.607
34.8887 76.1858
34.9554 77.2532
34.9888 85.5747
35.0555 90.333
35.0889 93.379
35.1556 96.3024
35.189 91.9667
35.2557 96.7354
35.2891 95.8668
35.3558 79.7212
35.3892 89.6605
35.4559 83.4152
35.4893 91.4461
35.556 79.1713
35.5894 82.0197
35.6561 87.7959
35.6895 82.3976
35.7562 85.8985
35.7896 86.4673
35.8563 99.1311
35.8897 96.1208
35.9564 97.9907
35.9898 88.8822
36.0565 95.9845
36.0899 95.4863
36.1566 91.6285
36.19 97.9436
36.2567 102.514
36.2901 92.27
36.3568 96.1423
36.3902 90.9037
36.4569 84.344
36.4903 86.7309
36.557 89.8408
36.5904 80.4805
36.6571 78.0378
36.6905 84.1053
36.7572 94.0278
36.7906 85.3577
36.8573 88.7324
36.8907 82.2061
36.9574 80.8663
36.9908 84.6831
37.0575 82.5434
37.0909 80.725
37.1576 82.8527
37.191 81.368
37.2577 79.0236
37.2911 74.4313
37.3578 72.794
37.3912 75.7412
37.4579 68.5679
37.4913 87.3486
37.558 70.5833
37.5914 63.9558
37.6581 66.1526
37.6915 71.3111
37.7582 70.2435
37.7916 44.5156
37.8583 57.7068
37.8917 57.3674
37.9584 54.1535
37.9918 61.0847
38.0585 67.6714
38.0919 57.935
38.1586 67.0244
38.192 63.161
38.2587 66.6763
38.2921 69.4292
38.3588 66.5833
38.3922 64.1736
38.4589 66.246
38.4923 70.8664
38.559 76.5692
38.5924 61.5069
38.6591 79.0827
38.6925 72.5037
38.7592 70.1637
38.7926 70.4569
38.8593 90.2105
38.8927 88.3258
38.9594 85.0454
38.9928 77.3109
39.0595 76.9952
39.0929 70.3095
39.1596 80.2923
39.193 87.8088
39.2597 101.076
39.2931 106.694
39.3598 104.437
39.3932 97.4736
39.4599 105.165
39.4933 92.5947
39.56 98.3905
39.5934 98.1452
39.6601 99.4447
39.6935 99.3971
39.7602 112.597
39.7936 100.586
39.8603 99.7971
39.8937 99.7785
39.9604 107.165
39.9938 103.147
40.0605 102.74
40.0939 107.214
40.1606 115.38
40.194 111.261
40.2607 103.401
40.2941 102.748
40.3608 116.272
40.3942 106.215
40.4609 106.424
40.4943 101.034
40.561 102.95
40.5944 100.815
40.6611 111.547
40.6945 104.656
40.7612 96.6569
40.7946 96.8858
40.8613 97.0025
40.8947 96.5041
40.9614 91.2327
40.9948 94.6234
41.0615 82.5811
41.0949 93.063
41.1616 92.2625
41.195 88.8283
41.2617 88.7051
41.2951 84.9234
41.3618 81.131
41.3952 89.7193
41.4619 90.4012
41.4953 89.4511
41.562 95.6365
41.5954 95.4315
41.6621 91.4559
41.6955 87.1108
41.7622 93.639
41.7956 94.4178
41.8623 95.4256
41.8957 95.3616
41.9624 93.52
41.9958 87.0264
42.0625 98.352
42.0959 87.5373
42.1626 93.9589
42.196 89.4292
42.2627 91.2025
42.2961 90.1861
42.3628 97.9936
42.3962 94.971
42.4629 90.1695
42.4963 90.903
42.563 87.6732
42.5964 84.2123
42.6631 78.6229
42.6965 81.908
42.7632 84.9655
42.7966 75.3804
42.8633 85.8377
42.8967 93.5738
42.9634 85.1921
42.9968 83.8736
43.0635 84.2808
43.0969 91.1983
43.1636 74.0533
43.197 77.326
43.2637 77.3193
43.2971 83.1201
43.3638 79.6584
43.3972 78.3399
43.4639 87.5419
43.4973 74.9235
43.564 78.6003
43.5974 79.0211
43.6641 80.3103
43.6975 82.9315
43.7642 90.2395
43.7976 85.331
43.8643 74.1895
43.8977 77.9389
43.9644 75.0478
43.9978 90.2699
44.0645 93.2041
44.0979 79.6268
44.1646 93.4379
44.198 81.7138
44.2647 83.7545
44.2981 86.6352
44.3648 93.1239
44.3982 93.0673
44.4649 87.6156
44.4983 83.3122
44.565 90.3881
44.5984 85.569
44.6651 94.8945
44.6985 92.9906
44.7652 92.5565
44.7986 93.9092
44.8653 84.2
44.8987 83.0261
44.9654 94.8747
44.9988 79.612
45.0655 85.618
45.0989 86.7033
45.1656 89.9611
45.199 94.4678
45.2657 100.768
45.2991 89.9651
45.3658 85.907
45.3992 81.7761
45.4659 87.3064
45.4993 80.5006
45.566 81.1505
45.5994 80.9721
45.6661 77.5164
45.6995 83.574
45.7662 73.9571
45.7996 80.797
45.8663 81.0698
45.8997 83.5
45.9664 77.1086
45.9998 88.8537
46.0665 85.2176
46.0999 83.4427
46.1666 87.9166
46.2 82.2998
46.2667 85.5207
46.3001 78.1863
46.3668 82.1643
46.4002 84.3804
46.4669 73.483
46.5003 79.5727
46.567 85.4376
46.6004 82.0638
46.6671 84.2863
46.7005 87.0776
46.7672 101.205
46.8006 102.23
46.8673 97.9661
46.9007 95.9328
46.9674 97.5674
47.0008 107.404
47.0675 104.697
47.1009 97.8875
47.1676 111.746
47.201 113.357
47.2677 116.498
47.3011 123.397
47.3678 127.409
47.4012 124.865
47.4679 143.701
47.5013 137.93
47.568 153.82
47.6014 147.907
47.6681 172.349
47.7015 166.994
47.7682 168.809
47.8016 175.355
47.8683 -180.052
47.9017 -173.105
47.9684 -160.44
48.0018 -164.369
48.0685 -164.752
48.1019 -150.51
48.1686 -154.877
48.202 -144.581
48.2687 -140.229
48.3021 -136.517
48.3688 -131.044
48.4022 -124.201
48.4689 -121.677
48.5023 -124.418
48.569 -112.172
48.6024 -113.344
48.6691 -94.8896
48.7025 -99.4611
48.7692 -108.432
48.8026 -99.1326
48.8693 -102.409
48.9027 -103.678
48.9694 -94.5064
49.0028 -84.5129
49.0695 -95.3513
49.1029 -97.1332
49.1696 -99.7854
49.203 -94.7681
49.2697 -86.8101
49.3031 -96.7211
49.3698 -85.1871
49.4032 -85.7664
49.4699 -85.03
49.5033 -90.0319
49.57 -80.423
49.6034 -84.6253
49.6701 -85.0908
49.7035 -83.5616
49.7702 -97.6669
49.8036 -75.2129
49.8703 -93.818
49.9037 -90.8275
49.9704 -96.2106
50.0038 -106.366
50.0705 -99.2971
50.1039 -95.3903
50.1706 -95.9812
50.204 -94.2533
50.2707 -92.5497
50.3041 -92.1385
50.3708 -84.987
50.4042 -82.5564
50.4709 -85.9092
50.5043 -80.3411
50.571 -85.7472
50.6044 -96.734
50.6711 -94.3068
50.7045 -84.1051
50.7712 -93.5187
50.8046 -100.709
50.8713 -95.4802
50.9047 -101.014
50.9714 -96.1895
51.0048 -97.0493
51.0715 -85.121
51.1049 -91.8971
51.1716 -100.374
51.205 -100.021
51.2717 -94.8054
51.3051 -87.103
51.3718 -76.9029
51.4052 -78.2679
51.4719 -93.2649
51.5053 -100.028
51.572 -96.5953
51.6054 -95.5871
51.6721 -97.8451
51.7055 -92.3482
51.7722 -93.0548
51.8056 -93.5261
51.8723 -98.4264
51.9057 -105.919
51.9724 -97.5496
52.0058 -103.27
52.0725 -96.352
52.1059 -96.5675
52.1726 -89.534
52.206 -98.188
52.2727 -105
52.3061 -100.105
52.3728 -104.588
52.4062 -92.1936
52.4729 -101.244
52.5063 -107.031
52.573 -101.999
52.6064 -97.9956
52.6731 -102.544
52.7065 -92.3728
52.7732 -104.155
52.8066 -98.9045
52.8733 -102.067
52.9067 -96.712
52.9734 -101.124
53.0068 -97.4093
53.0735 -92.1353
53.1069 -90.2028
53.1736 -99.7614
53.207 -100.553
53.2737 -104.275
53.3071 -92.8756
53.3738 -91.3869
53.4072 -98.7887
53.4739 -95.3301
53.5073 -97.6638
53.574 -102.109
53.6074 -104.163
53.6741 -86.82
53.7075 -99.9017
53.7742 -99.4336
53.8076 -98.6568
53.8743 -87.3291
53.9077 -95.613
53.9744 -101.145
54.0078 -91.5972
54.0745 -95.3886
54.1079 -98.1798
54.1746 -91.9506
54.208 -92.4566
54.2747 -96.407
54.3081 -87.9798
54.3748 -95.1767
54.4082 -93.792
54.4749 -85.8921
54.5083 -84.8595
54.575 -88.7512
54.6084 -90.7117
54.6751 -77.6139
54.7085 -88.2371
54.7752 -86.9424
54.8086 -88.0858
54.8753 -84.7833
54.9087 -76.1158
54.9754 -76.7497
55.0088 -87.8534
55.0755 -101.146
55.1089 -91.6053
55.1756 -94.5769
55.209 -96.4975
55.2757 -95.69
55.3091 -98.7362
55.3758 -98.6034
55.4092 -96.2357
55.4759 -83.499
55.5093 -77.7667
55.576 -83.5344
55.6094 -82.4442
55.6761 -85.9105
55.7095 -85.9884
55.7762 -83.4804
55.8096 -95.1854
55.8763 -105.399
55.9097 -89.1352
55.9764 -101.207
56.0098 -98.8833
56.0765 -96.6403
56.1099 -95.6195
56.1766 -91.9506
56.21 -102.585
56.2767 -86.884
56.3101 -84.34
56.3768 -85.3605
56.4102 -83.6952
56.4769 -86.0532
56.5103 -70.1083
56.577 -87.0642
56.6104 -89.3929
56.6771 -91.2618
56.7105 -92.0433
56.7772 -98.3084
56.8106 -94.662
56.8773 -93.5532
56.9107 -100.86
56.9774 -101.635
57.0108 -104.471
57.0775 -97.4872
57.1109 -89.8937
57.1776 -98.1866
57.211 -104.415
57.2777 -82.5311
57.3111 -79.9314
57.3778 -81.8639
57.4112 -74.0789
57.4779 -84.5323
57.5113 -97.5458
57.578 -101.923
57.6114 -103.289
57.6781 -96.4264
57.7115 -94.5183
57.7782 -104.068
57.8116 -107.237
57.8783 -94.9343
57.9117 -95.1534
57.9784 -90.1835
58.0118 -98.5107
58.0785 -93.1279
58.1119 -94.1049
58.1786 -68.7699
58.212 -79.1082
58.2787 -79.7062
58.3121 -70.3906
58.3788 -78.9905
58.4122 -77.4529
58.4789 -81.3576
58.5123 -74.7777
58.579 -90.116
58.6124 -76.873
58.6791 -78.8616
58.7125 -79.7931
58.7792 -71.4885
58.8126 -75.9309
58.8793 -72.7684
58.9127 -74.4929
58.9794 -73.3166
59.0128 -64.1341
59.0795 -64.9223
59.1129 -60.4327
59.1796 -55.6124
59.213 -53.9655
59.2797 -55.7704
59.3131 -56.209
59.3798 -65.6242
59.4132 -68.2364
59.4799 -55.3879
59.5133 -57.5701
59.58 -56.0293
59.6134 -56.4445
59.6801 -46.5946
59.7135 -52.4158
59.7802 -60.0772
59.8136 -50.5707
59.8803 -47.3928
59.9137 -52.9741
59.9804 -54.4362
60.0138 -49.4487
60.0805 -52.9309
60.1139 -41.5085
60.1806 -53.8046
60.214 -53.4239
60.2807 -54.5047
60.3141 -48.8174
60.3808 -52.7739
60.4142 -51.761
60.4809 -47.9108
60.5143 -52.0971
60.581 -43.7999
60.6144 -51.6691
60.6811 -52.9976
60.7145 -46.7914
60.7812 -44.7582
60.8146 -48.6871
60.8813 -48.9353
60.9147 -35.5443
60.9814 -45.7855
61.0148 -41.4877
61.0815 -51.3748
61.1149 -38.7363
61.1816 -53.5585
61.215 -45.2713
61.2817 -51.9234
61.3151 -52.0562
61.3818 -44.587
61.4152 -52.6451
61.4819 -45.3758
61.5153 -52.6664
61.582 -50.2704
61.6154 -52.9663
61.6821 -52.4207
61.7155 -45.455
61.7822 -49.4559
61.8156 -51.1276
61.8823 -51.0039
61.9157 -50.8933
61.9824 -54.7198
62.0158 -55.4671
62.0825 -62.9436
62.1159 -60.8864
62.1826 -69.127
62.216 -61.537
62.2827 -64.9294
62.3161 -66.4709
62.3828 -73.2568
62.4162 -65.1906
62.4829 -82.5394
62.5163 -67.7693
62.583 -79.7928
62.6164 -79.0046
62.6831 -93.5963
62.7165 -96.4621
62.7832 -104.047
62.8166 -104.309
62.8833 -101.561
62.9167 -107.65
62.9834 -107.568
63.0168 -120.336
63.0835 -113.713
63.1169 -126.56
63.1836 -120.42
63.217 -120.404
63.2837 -111.474
63.3171 -123.401
63.3838 -119.783
63.4172 -121.598
63.4839 -114.235
63.5173 -118.369
63.584 -115.324
63.6174 -111.493
63.6841 -125.964
63.7175 -113.632
63.7842 -116.375
63.8176 -117.965
63.8843 -103.474
63.9177 -122.756
63.9844 -115.157
64.0178 -115.014
64.0845 -125.502
64.1179 -130.274
64.1846 -118.79
64.218 -113.037
64.2847 -114.805
64.3181 -121.769
64.3848 -113.757
64.4182 -114.452
64.4849 -106.669
64.5183 -101.836
64.585 -113.457
64.6184 -109.454
64.6851 -111.172
64.7185 -103.499
64.7852 -125.266
64.8186 -108.206
64.8853 -109.755
64.9187 -115.647
64.9854 -113.84
65.0188 -118.245
65.0855 -109.16
65.1189 -112.78
65.1856 -123.13
65.219 -109.431
65.2857 -109.328
65.3191 -111.64
65.3858 -112.304
65.4192 -113.406
65.4859 -108.776
65.5193 -101.3
65.586 -109.872
65.6194 -112.725
65.6861 -103.304
65.7195 -105.522
65.7862 -109.403
65.8196 -115.994
65.8863 -107.037
65.9197 -117.452
65.9864 -123.844
66.0198 -117.626
66.0865 -115.552
66.1199 -115.173
66.1866 -121.425
66.22 -110.641
66.2867 -114.025
66.3201 -120.703
66.3868 -122.137
66.4202 -115.197
66.4869 -123.353
66.5203 -126.432
66.587 -127.222
66.6204 -122.858
66.6871 -120.295
66.7205 -117.374
66.7872 -116.318
66.8206 -120.292
66.8873 -125.954
66.9207 -123.329
66.9874 -116.253
67.0208 -116.285
67.0875 -120
67.1209 -107.188
67.1876 -110.483
67.221 -109.192
67.2877 -116.894
67.3211 -109.64
67.3878 -110.284
67.4212 -114.876
67.4879 -110.52
67.5213 -107.283
67.588 -105.344
67.6214 -97.9818
67.6881 -102.762
67.7215 -102.698
67.7882 -101.593
67.8216 -103.108
67.8883 -104.627
67.9217 -107.068
67.9884 -93.2083
68.0218 -93.289
68.0885 -94.7386
68.1219 -91.4688
68.1886 -88.442
68.222 -75.5489
68.2887 -105.586
68.3221 -100.389
68.3888 -94.3418
68.4222 -91.4767
68.4889 -97.2443
68.5223 -97.018
68.589 -94.5773
68.6224 -95.6509
68.6891 -100.323
68.7225 -103.653
68.7892 -93.4743
68.8226 -89.9625
68.8893 -92.385
68.9227 -92.3468
68.9894 -88.4649
69.0228 -81.2079
69.0895 -79.8059
69.1229 -83.8245
69.1896 -78.1349
69.223 -83.4272
69.2897 -95.8616
69.3231 -102.622
69.3898 -97.7574
69.4232 -93.9117
69.4899 -96.4889
69.5233 -90.5343
69.59 -99.4915
69.6234 -91.1863
69.6901 -91.1982
69.7235 -80.6658
69.7902 -84.9085
69.8236 -83.6488
69.8903 -80.6566
69.9237 -87.1528
69.9904 -74.2662
70.0238 -86.7198
70.0905 -72.1573
70.1239 -85.7078
70.1906 -107.133
70.224 -94.2877
70.2907 -87.3803
70.3241 -89.4049
70.3908 -93.5281
70.4242 -107.497
70.4909 -97.3619
70.5243 -101.909
70.591 -101.093
70.6244 -99.4077
70.6911 -89.0231
70.7245 -91.645
70.7912 -96.4585
70.8246 -91.3218
70.8913 -108.068
70.9247 -94.2385
70.9914 -100.322
71.0248 -97.3839
71.0915 -97.0183
71.1249 -93.8601
71.1916 -106.49
71.225 -91.2037
71.2917 -91.5014
71.3251 -104.179
71.3918 -93.4657
71.4252 -98.0586
71.4919 -101.334
71.5253 -99.8979
71.592 -103.117
71.6254 -108.228
71.6921 -93.5992
71.7255 -95.5432
71.7922 -99.0649
71.8256 -78.8267
71.8923 -103.227
71.9257 -94.8362
71.9924 -98.2927
72.0258 -100.571
72.0925 -93.4976
72.1259 -96.7741
72.1926 -103.008
72.226 -85.9422
72.2927 -87.8445
72.3261 -99.8822
72.3928 -102.432
72.4262 -101.334
72.4929 -92.1631
72.5263 -100.135
72.593 -101.807
72.6264 -88.7373
72.6931 -86.1313
72.7265 -87.2044
72.7932 -82.0567
72.8266 -77.1529
72.8933 -83.3122
72.9267 -88.531
72.9934 -96.646
73.0268 -91.5311
73.0935 -97.1677
73.1269 -101.635
73.1936 -93.6264
73.227 -97.5571
73.2937 -97.7108
73.3271 -94.7484
73.3938 -91.0167
73.4272 -87.3563
73.4939 -88.1431
73.5273 -86.7818
73.594 -81.8036
73.6274 -77.0084
73.6941 -87.2619
73.7275 -73.4883
73.7942 -89.2438
73.8276 -78.2213
73.8943 -92.1383
73.9277 -84.3236
73.9944 -83.9534
74.0278 -82.1102
74.0945 -83.7446
74.1279 -82.9488
74.1946 -83.0134
74.228 -85.1357
74.2947 -73.4866
74.3281 -76.9443
74.3948 -67.9292
74.4282 -65.3445
74.4949 -69.2641
74.5283 -55.9576
74.595 -62.381
74.6284 -59.7469
74.6951 -61.6138
74.7285 -53.0195
74.7952 -45.9617
74.8286 -50.862
74.8953 -51.689
74.9287 -41.6152
74.9954 -32.9535
75.0288 -29.1126
75.0955 -18.9437
75.1289 -23.5376
75.1956 -2.96663
75.229 -12.16
75.2957 -0.270755
75.3291 2.54491
75.3958 14.8947
75.4292 12.5092
75.4959 24.5533
75.5293 26.9443
75.596 32.586
75.6294 49.6098
75.6961 52.2792
75.7295 45.3083
75.7962 44.8364
75.8296 65.8119
75.8963 43.7134
75.9297 63.4734
75.9964 71.6065
76.0298 66.9603
76.0965 71.8991
76.1299 70.0018
76.1966 70.0297
76.23 80.8879
76.2967 82.5894
76.3301 88.9295
76.3968 88.5514
76.4302 89.54
76.4969 86.0571
76.5303 91.2293
76.597 91.9897
76.6304 101.515
76.6971 96.1516
76.7305 92.8344
76.7972 92.7808
76.8306 101.054
76.8973 102.215
76.9307 104.119
76.9974 91.9539
77.0308 96.3823
77.0975 111.831
77.1309 95.9532
77.1976 92.305
77.231 91.9935
77.2977 91.9651
77.3311 83.2819
77.3978 99.3066
77.4312 92.883
77.4979 88.285
77.5313 100.472
77.598 93.2969
77.6314 86.6727
77.6981 86.4496
77.7315 96.0943
77.7982 87.8348
77.8316 95.9927
77.8983 88.313
77.9317 103.678
77.9984 94.8365
78.0318 94.2643
78.0985 83.4937
78.1319 81.9268
78.1986 86.251
78.232 82.1121
78.2987 78.1468
78.3321 93.5347
78.3988 80.0748
78.4322 80.9606
78.4989 81.5232
78.5323 77.5209
78.599 75.6975
78.6324 74.9871
78.6991 78.2833
78.7325 71.1942
78.7992 70.4461
78.8326 77.2474
78.8993 67.9818
78.9327 63.2977
78.9994 69.3724
79.0328 56.4752
79.0995 60.2404
79.1329 64.1116
79.1996 56.9624
79.233 60.0814
79.2997 53.5697
79.3331 58.3425
79.3998 57.1441
79.4332 47.0191
79.4999 53.8008
79.5333 52.8723
79.6 51.3107
79.6334 47.5845
79.7001 56.54
79.7335 52.8875
79.8002 46.4977
79.8336 45.8121
79.9003 52.8544
79.9337 39.8525
80.0004 51.467
80.0338 45.0682
80.1005 33.3022
80.1339 36.8971
80.2006 36.424
80.234 40.3827
80.3007 33.0731
80.3341 32.8489
80.4008 25.2387
80.4342 26.2614
80.5009 29.1413
80.5343 28.0763
80.601 36.9417
80.6344 37.8285
80.7011 30.7697
80.7345 29.4779
80.8012 28.7343
80.8346 23.7469
80.9013 31.5531
80.9347 19.7534
81.0014 14.9415
81.0348 28.2945
81.1015 17.2822
81.1349 20.1369
81.2016 15.6693
81.235 13.8625
81.3017 10.4983
81.3351 17.3422
81.4018 19.2644
81.4352 15.7048
81.5019 23.2558
81.5353 11.4997
81.602 15.4219
81.6354 16.0362
81.7021 10.3305
81.7355 13.2671
81.8022 11.1331
81.8356 17.244
81.9023 4.03359
81.9357 0.270187
82.0024 9.55165
82.0358 2.68368
82.1025 2.68322
82.1359 13.3413
82.2026 11.0173
82.236 1.62917
82.3027 0.240276
82.3361 9.87035
82.4028 5.98495
82.4362 2.95231
82.5029 -6.09062
82.5363 6.79002
82.603 11.597
82.6364 2.36677
82.7031 2.93619
82.7365 -2.17684
82.8032 -11.3207
82.8366 -11.0747
82.9033 -6.54737
82.9367 9.83462
83.0034 -0.753569
83.0368 -2.29538
83.1035 -10.5507
83.1369 0.599114
83.2036 5.01566
83.237 -3.03711
83.3037 1.33244
83.3371 -4.01328
83.4038 -2.73564
83.4372 1.27128
83.5039 -8.52921
83.5373 -10.8872
83.604 -17.0664
83.6374 -14.4062
83.7041 -12.0196
83.7375 -4.34981
83.8042 -5.19662
83.8376 3.32221
83.9043 -18.4467
83.9377 -7.82819
84.0044 -9.21548
84.0378 -7.11573
84.1045 0.394993
84.1379 -3.19607
84.2046 -14.3958
84.238 -4.11875
84.3047 -14.2408
84.3381 -6.76717
84.4048 -6.19911
84.4382 -7.25846
84.5049 -18.774
84.5383 -10.5023
84.605 -24.6475
84.6384 -12.682
84.7051 -14.9347
84.7385 -27.55
84.8052 -15.1468
84.8386 -17.1828
84.9053 -16.0939
84.9387 -12.1823
85.0054 -16.8365
85.0388 -12.5471
85.1055 -24.0893
85.1389 -22.0555
85.2056 -11.7861
85.239 -16.3621
85.3057 -30.1299
85.3391 -21.7008
85.4058 -29.2195
85.4392 -23.2988
85.5059 -29.6582
85.5393 -33.6447
85.606 -25.5645
85.6394 -22.1227
85.7061 -22.9532
85.7395 -31.4257
85.8062 -31.206
85.8396 -37.126
85.9063 -31.4484
85.9397 -23.7129
86.0064 -36.6064
86.0398 -38.9463
86.1065 -33.02
86.1399 -33.2815
86.2066 -40.4876
86.24 -42.4432
86.3067 -30.5885
86.3401 -46.2933
86.4068 -45.2458
86.4402 -29.9828
86.5069 -40.4716
86.5403 -48.9106
86.607 -41.9819
86.6404 -39.8918
86.7071 -47.9736
86.7405 -41.6785
86.8072 -39.8987
86.8406 -40.3166
86.9073 -44.7802
86.9407 -47.2795
87.0074 -40.9182
87.0408 -37.1927
87.1075 -40.5141
87.1409 -48.1678
87.2076 -33.9642
87.241 -48.6041
87.3077 -43.2902
87.3411 -49.1755
87.4078 -45.8422
87.4412 -43.9567
87.5079 -48.3396
87.5413 -50.924
87.608 -41.5241
87.6414 -43.2628
87.7081 -44.184
87.7415 -35.9513
87.8082 -42.1884
87.8416 -33.8397
87.9083 -37.2908
87.9417 -38.0392
88.0084 -46.479
88.0418 -34.2717
88.1085 -38.4221
88.1419 -51.7244
88.2086 -36.1824
88.242 -44.5775
88.3087 -49.4847
88.3421 -52.9701
88.4088 -43.9462
88.4422 -35.6072
88.5089 -34.4004
88.5423 -40.4696
88.609 -49.0952
88.6424 -38.354
88.7091 -55.9711
88.7425 -49.957
88.8092 -52.3075
88.8426 -40.6424
88.9093 -46.1768
88.9427 -38.582
89.0094 -40.3243
89.0428 -52.4271
89.1095 -39.4069
89.1429 -40.2322
89.2096 -48.3729
89.243 -46.6017
89.3097 -43.8715
89.3431 -44.365
89.4098 -38.7126
89.4432 -32.5441
89.5099 -40.0448
89.5433 -38.5166
89.61 -41.8293
89.6434 -42.6035
89.7101 -47.5353
89.7435 -42.3055
89.8102 -34.1889
89.8436 -58.3149
89.9103 -39.5433
89.9437 -47.7481
90.0104 -52.5617
90.0438 -49.854
90.1105 -44.3257
90.1439 -45.3165
90.2106 -35.8064
90.244 -36.5423
90.3107 -28.2574
90.3441 -51.0061
90.4108 -37.6422
90.4442 -40.5664
90.5109 -44.3021
90.5443 -55.1617
90.611 -38.2469
90.6444 -45.0478
90.7111 -54.8034
90.7445 -40.2998
90.8112 -41.9394
90.8446 -47.0567
90.9113 -49.6152
90.9447 -50.9904
91.0114 -43.5714
91.0448 -40.3747
91.1115 -42.5143
91.1449 -40.6922
91.2116 -40.6363
91.245 -40.076
91.3117 -44.5835
91.3451 -32.8579
91.4118 -38.7454
91.4452 -46.4665
91.5119 -40.5898
91.5453 -39.1474
91.612 -45.294
91.6454 -43.2457
91.7121 -32.4488
91.7455 -49.1214
91.8122 -51.3916
91.8456 -43.4373
91.9123 -47.5002
91.9457 -38.7184
92.0124 -51.2598
92.0458 -46.1751
92.1125 -50.8222
92.1459 -43.9354
92.2126 -48.7502
92.246 -55.9975
92.3127 -46.5621
92.3461 -44.1629
92.4128 -45.6876
92.4462 -52.0973
92.5129 -39.7994
92.5463 -43.4885
92.613 -45.7262
92.6464 -48.2066
92.7131 -50.331
92.7465 -47.4803
92.8132 -47.5731
92.8466 -43.0086
92.9133 -52.6819
92.9467 -39.418
93.0134 -40.5616
93.0468 -44.3961
93.1135 -47.1898
93.1469 -45.7769
93.2136 -38.3956
93.247 -44.7719
93.3137 -35.9707
93.3471 -44.1254
93.4138 -45.9317
93.4472 -45.9098
93.5139 -43.2221
93.5473 -39.0571
93.614 -45.8971
93.6474 -41.8483
93.7141 -44.0138
93.7475 -33.6443
93.8142 -33.874
93.8476 -41.8799
93.9143 -38.0207
93.9477 -47.9168
94.0144 -38.7576
94.0478 -41.3072
94.1145 -49.5242
94.1479 -40.7141
94.2146 -31.7816
94.248 -47.3208
94.3147 -40.458
94.3481 -44.3033
94.4148 -41.4759
94.4482 -40.9638
94.5149 -39.0295
94.5483 -43.1285
94.615 -34.5571
94.6484 -40.2452
94.7151 -37.7793
94.7485 -36.5078
94.8152 -43.2919
94.8486 -43.697
94.9153 -39.8265
94.9487 -45.9285
95.0154 -42.2607
95.0488 -40.2284
95.1155 -39.5749
95.1489 -41.7366
95.2156 -50.5724
95.249 -46.8427
95.3157 -43.571
95.3491 -37.4274
95.4158 -32.2946
95.4492 -41.1057
95.5159 -56.9441
95.5493 -43.3348
95.616 -42.194
95.6494 -38.0522
95.7161 -46.0362
95.7495 -40.3743
95.8162 -42.5817
95.8496 -47.1336
95.9163 -44.1337
95.9497 -37.931
96.0164 -46.9979
96.0498 -48.2417
96.1165 -52.0122
96.1499 -48.9548
96.2166 -42.9413
96.25 -42.6061
96.3167 -47.0974
96.3501 -41.2734
96.4168 -44.6995
96.4502 -46.6499
96.5169 -41.5616
96.5503 -42.2217
96.617 -35.7897
96.6504 -46.7491
96.7171 -39.5518
96.7505 -47.3403
96.8172 -37.0802
96.8506 -50.1732
96.9173 -42.1069
96.9507 -47.3819
97.0174 -46.2363
97.0508 -45.8051
97.1175 -43.5741
97.1509 -43.4372
97.2176 -45.0531
97.251 -48.253
97.3177 -38.7477
97.3511 -34.8994
97.4178 -47.427
97.4512 -47.836
97.5179 -46.1749
97.5513 -41.2125
97.618 -43.0515
97.6514 -37.3605
97.7181 -37.5453
97.7515 -51.0864
97.8182 -36.4816
97.8516 -45.2615
97.9183 -54.0891
97.9517 -48.3678
98.0184 -42.582
98.0518 -41.1329
98.1185 -49.4447
98.1519 -44.9925
98.2186 -49.9606
98.252 -39.8523
98.3187 -52.1522
98.3521 -47.3551
98.4188 -49.0583
98.4522 -34.9719
98.5189 -38.9764
98.5523 -40.7034
98.619 -45.0799
98.6524 -51.5547
98.7191 -44.2748
98.7525 -40.4789
98.8192 -50.3644
98.8526 -44.6262
98.9193 -49.8496
98.9527 -45.0648
99.0194 -49.0248
99.0528 -38.06
99.1195 -38.3478
99.1529 -44.5162
99.2196 -39.846
99.253 -39.3784
99.3197 -42.0986
99.3531 -44.4832
99.4198 -42.0267
99.4532 -40.7235
99.5199 -41.6281
99.5533 -46.9845
99.62 -46.4239
99.6534 -49.9612
99.7201 -39.5846
99.7535 -34.1468
99.8202 -42.0219
99.8536 -44.1802
99.9203 -47.988
99.9537 -50.1268
100.02 -39.7217
100.054 -36.5992
100.121 -41.2301
100.154 -51.0252
100.221 -44.4411
100.254 -38.6569
100.321 -39.8825
100.354 -39.2174
100.421 -44.4627
100.454 -41.4702
100.521 -38.6919
100.554 -49.9519
100.621 -40.8603
100.654 -46.9553
100.721 -45.4191
100.754 -50.6057
100.821 -49.9791
100.855 -50.2428
100.921 -44.8154
100.955 -52.0831
101.021 -46.5201
101.055 -45.7089
101.122 -38.8843
101.155 -44.9649
101.222 -30.3505
101.255 -37.3258
101.322 -36.0006
101.355 -53.4478
