0.008473 132.465
0.04184 125.811
0.108573 127.588
0.14194 128.18
0.208673 133.424
0.24204 126.693
0.308773 126.389
0.34214 133.322
0.408873 125.428
0.44224 137.461
0.508973 140.964
0.54234 141.371
0.609073 142.333
0.64244 140.362
0.709173 135.382
0.74254 145.511
0.809273 138.263
0.84264 136.052
0.909373 140.063
0.94274 134.975
1.00947 135.209
1.04284 143.972
1.10957 141.112
1.14294 147.954
1.20967 135.556
1.24304 141.203
1.30977 136.35
1.34314 140.212
1.40987 134.848
1.44324 129.434
1.50997 132.024
1.54334 135.199
1.61007 142.512
1.64344 127.452
1.71017 137.335
1.74354 131.941
1.81027 125.756
1.84364 132.626
1.91037 133.616
1.94374 134.896
2.01047 141.201
2.04384 138.156
2.11057 146.139
2.14394 142.888
2.21067 134.098
2.24404 135.787
2.31077 139.687
2.34414 145.282
2.41087 142.963
2.44424 143.742
2.51097 143.877
2.54434 147.673
2.61107 148.331
2.64444 152.98
2.71117 149.233
2.74454 140.815
2.81127 133.457
2.84464 141.512
2.91137 134.969
2.94474 131.522
3.01147 139.128
3.04484 134.212
3.11157 135.696
3.14494 142.13
3.21167 134.378
3.24504 130.419
3.31177 139.291
3.34514 138.189
3.41187 136.026
3.44524 139.087
3.51197 133.79
3.54534 135.394
3.61207 145.275
3.64544 143.672
3.71217 139.194
3.74554 135.243
3.81227 145.625
3.84564 138.1
3.91237 144.209
3.94574 146.881
4.01247 148.218
4.04584 143.696
4.11257 132.919
4.14594 138.074
4.21267 143.912
4.24604 134.036
4.31277 142.355
4.34614 139.401
4.41287 145.924
4.44624 131.795
4.51297 144.752
4.54634 142.665
4.61307 139.026
4.64644 145.441
4.71317 139.048
4.74654 148.256
4.81327 131.028
4.84664 135.215
4.91337 137.035
4.94674 133.924
5.01347 137.521
5.04684 139.365
5.11357 129.169
5.14694 137.045
5.21367 144.716
5.24704 137.091
5.31377 142.368
5.34714 141.782
5.41387 142.507
5.44724 130.186
5.51397 138.357
5.54734 144.282
5.61407 139.539
5.64744 127.885
5.71417 136.068
5.74754 135.068
5.81427 133.762
5.84764 139.893
5.91437 131.351
5.94774 130.122
6.01447 129.809
6.04784 131.991
6.11457 136.489
6.14794 129.689
6.21467 147.034
6.24804 140.583
6.31477 137.694
6.34814 136.125
6.41487 137.641
6.44824 145.06
6.51497 140.078
6.54834 144.147
6.61507 132.143
6.64844 132.795
6.71517 148.85
6.74854 136.544
6.81527 141.627
6.84864 137.694
6.91537 143.565
6.94874 140.759
7.01547 141.181
7.04884 139.364
7.11557 143.047
7.14894 134.752
7.21567 138.693
7.24904 134.145
7.31577 133.625
7.34914 139.506
7.41587 131.513
7.44924 138.895
7.51597 140.18
7.54934 139.788
7.61607 137.76
7.64944 143.291
7.71617 139.419
7.74954 139.924
7.81627 140.859
7.84964 138.923
7.91637 140.759
7.94974 129.433
8.01647 144.344
8.04984 144.33
8.11657 146.398
8.14994 130.329
8.21667 133.505
8.25004 133.288
8.31677 139.857
8.35014 142.499
8.41687 128.227
8.45024 132.054
8.51697 131.599
8.55034 130.015
8.61707 131.813
8.65044 129.933
8.71717 136.947
8.75054 130.334
8.81727 146.852
8.85064 131.474
8.91737 138.577
8.95074 135.947
9.01747 134.906
9.05084 138.212
9.11757 132.766
9.15094 146.21
9.21767 147.37
9.25104 147.654
9.31777 134.371
9.35114 137.6
9.41787 149.847
9.45124 141.376
9.51797 151.865
9.55134 151.391
9.61807 141.125
9.65144 142.217
9.71817 142.959
9.75154 130.357
9.81827 136.038
9.85164 141.257
9.91837 133.565
9.95174 145.433
10.0185 136.945
10.0518 127.377
10.1186 137.461
10.1519 130.745
10.2187 133.374
10.252 136.147
10.3188 139.271
10.3521 142.573
10.4189 148.296
10.4522 139.058
10.519 136.121
10.5523 136.869
10.6191 155.816
10.6524 142.611
10.7192 143.891
10.7525 136.816
10.8193 152.124
10.8526 136.046
10.9194 132.831
10.9527 136.915
11.0195 144.595
11.0528 140.662
11.1196 140.414
11.1529 140.253
11.2197 137.288
11.253 145.432
11.3198 140.757
11.3531 145.418
11.4199 147.253
11.4532 138.238
11.52 144.594
11.5533 147.296
11.6201 133.368
11.6534 149.053
11.7202 141.894
11.7535 141.551
11.8203 141.605
11.8536 133.937
11.9204 141.142
11.9537 143.346
12.0205 141.748
12.0538 144.017
12.1206 140.849
12.1539 133.512
12.2207 140.941
12.254 136.658
12.3208 145.251
12.3541 137.541
12.4209 142.45
12.4542 127.112
12.521 137.703
12.5543 137.537
12.6211 133.519
12.6544 140.034
12.7212 138.735
12.7545 140.62
12.8213 143.222
12.8546 139.11
12.9214 146.412
12.9547 143.899
13.0215 141.043
13.0548 134.825
13.1216 140.042
13.1549 142.361
13.2217 135.908
13.255 146.234
13.3218 141.165
13.3551 145.64
13.4219 134.461
13.4552 136.698
13.522 141.892
13.5553 137.466
13.6221 137.214
13.6554 136.902
13.7222 130.481
13.7555 136.605
13.8223 132.028
13.8556 135.867
13.9224 143.122
13.9557 144.12
14.0225 141.826
14.0558 137.116
14.1226 143.638
14.1559 143.653
14.2227 136.472
14.256 136.889
14.3228 140.65
14.3561 147.971
14.4229 149.431
14.4562 149.78
14.523 146.661
14.5563 147.015
14.6231 140.202
14.6564 130.915
14.7232 140.014
14.7565 137.123
14.8233 139.621
14.8566 141.866
14.9234 131.457
14.9567 138
15.0235 134.365
15.0568 138.925
15.1236 140.046
15.1569 133.828
15.2237 140.785
15.257 135.122
15.3238 142.184
15.3571 148.476
15.4239 141.701
15.4572 141.647
15.524 142.754
15.5573 149.965
15.6241 139.079
15.6574 145.222
15.7242 138.951
15.7575 141.075
15.8243 135.307
15.8576 138.688
15.9244 149.333
15.9577 134.879
16.0245 129.495
16.0578 134.383
16.1246 132.569
16.1579 138.362
16.2247 133.189
16.258 132.703
16.3248 129.787
16.3581 132.642
16.4249 129.696
16.4582 142.998
16.525 145.667
16.5583 131.373
16.6251 137.131
16.6584 145.472
16.7252 139.64
16.7585 141.807
16.8253 141.69
16.8586 140.355
16.9254 138.349
16.9587 135.56
17.0255 139.938
17.0588 135.457
17.1256 139.836
17.1589 141.918
17.2257 142.263
17.259 149.337
17.3258 134.874
17.3591 142.001
17.4259 138.257
17.4592 139.709
17.526 143.454
17.5593 137.29
17.6261 148.365
17.6594 143.181
17.7262 150.314
17.7595 139.724
17.8263 140.97
17.8596 136.651
17.9264 139.643
17.9597 147.437
18.0265 144.71
18.0598 149.018
18.1266 139.914
18.1599 137.677
18.2267 147.631
18.26 147.041
18.3268 137.132
18.3601 134.633
18.4269 151.195
18.4602 135.56
18.527 139.396
18.5603 139.317
18.6271 134.882
18.6604 141.171
18.7272 140.846
18.7605 143.466
18.8273 148.516
18.8606 155.798
18.9274 138.083
18.9607 146.934
19.0275 141.535
19.0608 141.489
19.1276 145.354
19.1609 146.705
19.2277 143.755
19.261 134.641
19.3278 138.44
19.3611 135.306
19.4279 142.961
19.4612 142.34
19.528 143.443
19.5613 142.7
19.6281 136.2
19.6614 144.469
19.7282 143.192
19.7615 134.595
19.8283 128.278
19.8616 133.45
19.9284 147.694
19.9617 140.962
20.0285 141.065
20.0618 137.903
20.1286 139.628
20.1619 144.489
20.2287 143.603
20.262 130.921
20.3288 137.697
20.3621 146.223
20.4289 149.159
20.4622 146.206
20.529 134.869
20.5623 133.723
20.6291 135.857
20.6624 146.465
20.7292 139.272
20.7625 138.07
20.8293 142.606
20.8626 126.871
20.9294 138.13
20.9627 143.716
21.0295 137.725
21.0628 139.136
21.1296 134.365
21.1629 149.134
21.2297 139.354
21.263 137.449
21.3298 143.109
21.3631 144.979
21.4299 142.116
21.4632 136.196
21.53 134.137
21.5633 134.393
21.6301 141.095
21.6634 132.041
21.7302 137.909
21.7635 129.209
21.8303 140.854
21.8636 141.638
21.9304 136.218
21.9637 142.903
22.0305 126.879
22.0638 128.765
22.1306 127.844
22.1639 138.266
22.2307 134.388
22.264 132.479
22.3308 134.435
22.3641 148.043
22.4309 137.59
22.4642 140.759
22.531 137.531
22.5643 137.699
22.6311 145.359
22.6644 140.047
22.7312 133.63
22.7645 138.453
22.8313 134.034
22.8646 139.052
22.9314 145.402
22.9647 139.112
23.0315 139.782
23.0648 141.38
23.1316 134.612
23.1649 134.084
23.2317 131.327
23.265 132.373
23.3318 132.332
23.3651 130.18
23.4319 138.985
23.4652 133.137
23.532 134.432
23.5653 132.111
23.6321 140.266
23.6654 142.722
23.7322 134.336
23.7655 137.23
23.8323 135.929
23.8656 148.674
23.9324 143.506
23.9657 134.795
24.0325 130.119
24.0658 134.194
24.1326 128.577
24.1659 133.544
24.2327 139.335
24.266 145.566
24.3328 138.146
24.3661 142.898
24.4329 146.753
24.4662 141.641
24.533 132.73
24.5663 138.333
24.6331 149.815
24.6664 136.34
24.7332 142.117
24.7665 144.288
24.8333 143.346
24.8666 152.383
24.9334 146.411
24.9667 141.383
25.0335 149.213
25.0668 141.924
25.1336 144.161
25.1669 140.458
25.2337 143.972
25.267 140.916
25.3338 148.185
25.3671 141.699
25.4339 143.502
25.4672 142.929
25.534 141.315
25.5673 146.507
25.6341 132.438
25.6674 146.067
25.7342 137.459
25.7675 146.885
25.8343 140.52
25.8676 142.452
25.9344 148.306
25.9677 146.18
26.0345 145.527
26.0678 144.705
26.1346 139.072
26.1679 139.78
26.2347 134.7
26.268 136.935
26.3348 141.138
26.3681 140.216
26.4349 145.718
26.4682 138.773
26.535 138.936
26.5683 138.748
26.6351 139.125
26.6684 135.747
26.7352 149.089
26.7685 144.676
26.8353 143.35
26.8686 136.163
26.9354 142.824
26.9687 150.691
27.0355 138.286
27.0688 138.887
27.1356 144.119
27.1689 137.011
27.2357 138.872
27.269 137.684
27.3358 131.818
27.3691 134.23
27.4359 139.018
27.4692 133.256
27.536 133.069
27.5693 132.706
27.6361 136.77
27.6694 132.572
27.7362 137.684
27.7695 137.169
27.8363 142.837
27.8696 130.047
27.9364 132.594
27.9697 138.098
28.0365 145.901
28.0698 133.295
28.1366 143.603
28.1699 140.54
28.2367 141.567
28.27 136.033
28.3368 144.557
28.3701 133.5
28.4369 138.597
28.4702 139.248
28.537 142.405
28.5703 138.071
28.6371 143.928
28.6704 133.592
28.7372 141.918
28.7705 134.248
28.8373 144.896
28.8706 143.929
28.9374 139.144
28.9707 137.991
29.0375 140.087
29.0708 140.374
29.1376 144.356
29.1709 142.823
29.2377 145.682
29.271 137.279
29.3378 137.537
29.3711 135.543
29.4379 146.39
29.4712 139.524
29.538 138.587
29.5713 140.128
29.6381 136.368
29.6714 128.467
29.7382 135.153
29.7715 129.684
29.8383 130.094
29.8716 134.446
29.9384 131.571
29.9717 140.075
30.0385 137.51
30.0718 137.598
30.1386 144.771
30.1719 130.135
30.2387 141.546
30.272 141.667
30.3388 139.736
30.3721 143.965
30.4389 131.619
30.4722 141.4
30.539 135.687
30.5723 142.32
30.6391 135.977
30.6724 140.876
30.7392 133.507
30.7725 142.926
30.8393 140.682
30.8726 140.367
30.9394 132.904
30.9727 139.396
31.0395 140.334
31.0728 135.587
31.1396 138.365
31.1729 139.619
31.2397 133.904
31.273 143.773
31.3398 132.423
31.3731 141.857
31.4399 138.958
31.4732 146.784
31.54 136.472
31.5733 140.848
31.6401 136.839
31.6734 153.21
31.7402 137.406
31.7735 142.98
31.8403 145.792
31.8736 145.006
31.9404 140.155
31.9737 126.952
32.0405 135.217
32.0738 134.541
32.1406 140.623
32.1739 136.276
32.2407 142.032
32.274 137.989
32.3408 133.369
32.3741 139.661
32.4409 136.419
32.4742 140.883
32.541 142.872
32.5743 139.529
32.6411 142.007
32.6744 140.62
32.7412 146.525
32.7745 126.246
32.8413 137.714
32.8746 144.615
32.9414 132.655
32.9747 134.98
33.0415 138.763
33.0748 136.728
33.1416 140.238
33.1749 139.776
33.2417 137.767
33.275 144.159
33.3418 141.401
33.3751 149.681
33.4419 140.513
33.4752 141.843
33.542 135.86
33.5753 138.598
33.6421 147.734
33.6754 138.892
33.7422 144.671
33.7755 139.807
33.8423 143.335
33.8756 138.297
33.9424 144.942
33.9757 145.895
34.0425 144.331
34.0758 137.656
34.1426 149.111
34.1759 138.095
34.2427 146.573
34.276 147.943
34.3428 148.607
34.3761 151.765
34.4429 144.495
34.4762 140.174
34.543 150.389
34.5763 152.831
34.6431 155.385
34.6764 154.535
34.7432 150.079
34.7765 157.725
34.8433 160.333
34.8766 152.581
34.9434 154.099
34.9767 161.792
35.0435 164.415
35.0768 166.858
35.1436 159.68
35.1769 155.266
35.2437 160.849
35.277 160.301
35.3438 160.646
35.3771 170.708
35.4439 164.448
35.4772 172.838
35.544 162.209
35.5773 166.233
35.6441 175.466
35.6774 172.492
35.7442 179.223
35.7775 180.633
35.8443 181.048
35.8776 179.278
35.9444 -176.356
35.9777 -184.592
36.0445 -177.802
36.0778 -179.007
36.1446 -183.975
36.1779 -178.103
36.2447 -172.753
36.278 -182.621
36.3448 -169.484
36.3781 -175.403
36.4449 -182.217
36.4782 -179.042
36.545 -172.997
36.5783 -180.637
36.6451 -179.918
36.6784 -172.79
36.7452 -174.821
36.7785 -170.812
36.8453 -166.626
36.8786 -172.577
36.9454 -171.445
36.9787 -165.91
37.0455 -164.878
37.0788 -166.084
37.1456 -164.231
37.1789 -166.358
37.2457 -169.216
37.279 -173.849
37.3458 -174.314
37.3791 -170.443
37.4459 -174.773
37.4792 -154.915
37.546 -168.848
37.5793 -174.222
37.6461 -168.472
37.6794 -161.088
37.7462 -157.299
37.7795 -180.244
37.8463 -165.462
37.8796 -167.027
37.9464 -172.151
37.9797 -165.775
38.0465 -161.079
38.0798 -171.795
38.1466 -164.179
38.1799 -168.602
38.2467 -166.512
38.28 -164.764
38.3468 -169.981
38.3801 -173.726
38.4469 -174.244
38.4802 -170.93
38.547 -167.1
38.5803 -183.046
38.6471 -167.566
38.6804 -175.233
38.7472 -179.977
38.7805 -180.595
38.8473 -161.411
38.8806 -163.778
38.9474 -167.611
38.9807 -175.583
39.0475 -176.541
39.0808 -183.659
39.1476 -174.159
39.1809 -167.012
39.2477 -168.523
39.281 -164.061
39.3478 -166.477
39.3811 -174.554
39.4479 -168.61
39.4812 -182.381
39.548 -179.522
39.5813 -181.312
39.6481 177.207
39.6814 175.719
39.7482 186.374
39.7815 173.064
39.8483 170.165
39.8816 167.749
39.9484 173.781
39.9817 169.123
40.0485 167.482
40.0818 171.02
40.1486 176.826
40.1819 171.457
40.2487 160.962
40.282 159.061
40.3488 173.802
40.3821 165.384
40.4489 167.088
40.4822 161.654
40.549 163.081
40.5823 160.593
40.6491 170.593
40.6824 163.776
40.7492 156.348
40.7825 157.009
40.8493 157.619
40.8826 157.453
40.9494 153.008
40.9827 156.521
41.0495 145.711
41.0828 156.947
41.1496 157.052
41.1829 158.942
41.2497 158.638
41.283 154.557
41.3498 149.991
41.3831 157.305
41.4499 157.709
41.4832 156.172
41.55 160.744
41.5833 159.449
41.6501 153.003
41.6834 147.365
41.7502 151.776
41.7835 151.925
41.8503 152.854
41.8836 152.845
41.9504 150.237
41.9837 142.878
42.0505 152.322
42.0838 141.005
42.1506 146.939
42.1839 142.806
42.2507 145.521
42.284 145.264
42.3508 154.259
42.3841 151.464
42.4509 146.38
42.4842 146.712
42.551 141.875
42.5843 143.5
42.6511 138.162
42.6844 140.948
42.7512 142.511
42.7845 132.492
42.8513 142.907
42.8846 151.063
42.9514 143.493
42.9847 142.128
43.0515 141.878
43.0848 148.085
43.1516 128.901
43.1849 131.207
43.2517 130.248
43.285 135.81
43.3518 132.24
43.3851 130.735
43.4519 139.806
43.4852 127.689
43.552 131.407
43.5853 131.501
43.6521 132.287
43.6854 134.428
43.7522 140.353
43.7855 135.042
43.8523 122.974
43.8856 125.8
43.9524 121.083
43.9857 135.455
44.0525 136.669
44.0858 121.916
44.1526 133.739
44.1859 121.024
44.2527 122.53
44.286 125.701
44.3528 122.956
44.3861 134.055
44.4529 129.454
44.4862 125.216
44.553 132.638
44.5863 127.845
44.6531 137.596
44.6864 136.505
44.7532 137.671
44.7865 139.457
44.8533 129.125
44.8866 127.221
44.9534 137.003
44.9867 120.398
45.0535 123.969
45.0868 124.242
45.1536 128.049
45.1869 126.519
45.2537 131.308
45.287 129.245
45.3538 124.673
45.3871 120.2
45.4539 125.585
45.4872 118.891
45.554 120.528
45.5873 120.927
45.6541 117.745
45.6874 124.075
45.7542 113.151
45.7875 119.287
45.8543 117.547
45.8876 118.834
45.9544 109.712
45.9877 119.885
46.0545 113.478
46.0878 110.743
46.1546 113.482
46.1879 107.351
46.2547 109.415
46.288 101.566
46.3548 104.501
46.3881 105.885
46.4549 93.4824
46.4882 99.0557
46.555 104.997
46.5883 101.434
46.6551 103.508
46.6884 106.25
46.7552 103.397
46.7885 104.32
46.8553 100.052
46.8886 97.4448
46.9554 97.3433
46.9887 106.491
47.0555 101.482
47.0888 93.0544
47.1556 101.179
47.1889 99.0365
47.2557 94.7345
47.289 97.9028
47.3558 94.6755
47.3891 88.3056
47.4559 99.8626
47.4892 90.5147
47.556 99.2928
47.5893 89.9505
47.6561 107.794
47.6894 99.5143
47.7562 95.1839
47.7895 98.713
47.8563 97.0028
47.8896 100.74
47.9564 107.202
47.9897 99.9288
48.0565 92.6715
48.0898 103.536
48.1566 92.2397
48.1899 98.804
48.2567 95.2402
48.29 95.1155
48.3568 93.3913
48.3901 96.6641
48.4569 92.6211
48.4902 86.7851
48.557 92.9982
48.5903 88.9371
48.6571 104.03
48.6904 98.8527
48.7572 89.6298
48.7905 98.5525
48.8573 94.7969
48.8906 92.758
48.9574 101.169
48.9907 111.044
49.0575 99.1957
49.0908 97.0096
49.1576 93.4768
49.1909 97.985
49.2577 104.566
49.291 93.4497
49.3578 102.774
49.3911 99.3242
49.4579 97.4174
49.4912 91.4822
49.558 100.027
49.5913 95.4848
49.6581 94.8264
49.6914 96.2328
49.7582 81.9481
49.7915 104.336
49.8583 99.5353
49.8916 102.63
49.9584 97.811
49.9917 87.7964
50.0585 94.1116
50.0918 98.2518
50.1586 96.9525
50.1919 98.6834
50.2587 99.9923
50.292 100.111
50.3588 93.0664
50.3921 95.0274
50.4589 89.3225
50.4922 93.7666
50.559 87.258
50.5923 92.9628
50.6591 95.1681
50.6924 105.479
50.7592 95.9334
50.7925 88.5165
50.8593 94.2655
50.8926 89.6581
50.9594 95.8865
50.9927 95.3518
51.0595 107.227
51.0928 100.428
51.1596 91.5865
51.1929 92.2476
51.2597 97.8475
51.293 90.0421
51.3598 98.619
51.3931 96.6909
51.4599 99.8302
51.4932 92.3941
51.56 94.5986
51.5933 95.1261
51.6601 91.943
51.6934 97.1304
51.7602 97.6133
51.7935 97.9908
51.8603 94.1648
51.8936 87.6802
51.9604 96.4081
51.9937 90.4277
52.0605 97.1649
52.0938 97.3148
52.1606 105.999
52.1939 97.9486
52.2607 92.2919
52.294 97.8154
52.3608 92.0362
52.3941 103.511
52.4609 92.0298
52.4942 85.5636
52.561 89.496
52.5943 93.7543
52.6611 89.2882
52.6944 99.4507
52.7612 87.2043
52.7945 92.1884
52.8613 88.0031
52.8946 92.6516
52.9614 88.4701
52.9947 92.1185
53.0615 98.7122
53.0948 87.3074
53.1616 92.0142
53.1949 91.1656
53.2617 87.1587
53.295 98.5493
53.3618 100.465
53.3951 93.3737
53.4619 97.5626
53.4952 95.686
53.562 91.4728
53.5953 89.2244
53.6621 104.814
53.6954 90.5947
53.7622 89.1296
53.7955 89.1511
53.8623 99.6479
53.8956 91.5649
53.9624 87.7518
53.9957 98.2106
54.0625 95.5675
54.0958 92.9063
54.1626 98.6951
54.1959 98.2147
54.2627 95.6859
54.296 105.209
54.3628 99.4556
54.3961 101.254
54.4629 94.4349
54.4962 95.882
54.563 92.9906
54.5963 90.9868
54.6631 103.129
54.6964 91.5067
54.7632 90.7905
54.7965 89.027
54.8633 91.8315
54.8966 100.897
54.9634 101.258
54.9967 90.2179
55.0635 84.9372
55.0968 94.0139
55.1636 92.0281
55.1969 90.872
55.2637 92.6337
55.297 89.85
55.3638 90.3125
55.3971 92.6239
55.4639 96.5753
55.4972 102.606
55.564 97.1834
55.5973 97.9789
55.6641 93.0544
55.6974 92.305
55.7642 93.8621
55.7975 93.54
55.8643 81.8335
55.8976 97.3969
55.9644 84.9721
55.9977 87.6528
56.0645 91.1015
56.0978 92.6165
56.1646 97.9607
56.1979 87.3189
56.2647 93.1223
56.298 96.1929
56.3648 96.3791
56.3981 98.2058
56.4649 94.4225
56.4982 109.415
56.565 91.55
56.5983 101.745
56.6651 99.278
56.6984 97.5441
56.7652 89.0561
56.7985 91.8593
56.8653 92.8847
56.8986 86.5226
56.9654 86.4722
56.9987 83.3727
57.0655 92.9402
57.0988 99.9176
57.1656 90.1606
57.1989 83.8561
57.2657 94.2222
57.299 97.1229
57.3658 94.7444
57.3991 102.329
57.4659 92.3129
57.4992 97.518
57.566 92.1644
57.5993 90.1482
57.6661 96.1011
57.6994 97.931
57.7662 89.2015
57.7995 86.5845
57.8663 98.9985
57.8996 98.5772
57.9664 102.528
57.9997 93.3034
58.0665 96.9634
58.0998 95.5793
58.1666 107.694
58.1999 96.6593
58.2667 94.8128
58.3 104.12
58.3668 96.3201
58.4001 98.4921
58.4669 96.204
58.5002 103.504
58.567 89.6247
58.6003 103.194
58.6671 99.7979
58.7004 98.1577
58.7672 103.634
58.8005 97.1264
58.8673 96.1638
58.9006 92.4744
58.9674 89.5938
59.0007 96.7646
59.0675 92.5547
59.1008 95.7729
59.1676 98.9444
59.2009 100.086
59.2677 97.2661
59.301 96.3515
59.3678 86.4084
59.4011 84.0541
59.4679 97.5398
59.5012 95.8658
59.568 97.9495
59.6013 97.3782
59.6681 106.002
59.7014 100.267
59.7682 91.923
59.8015 101.284
59.8683 103.933
59.9016 97.8714
59.9684 94.5739
60.0017 98.6575
60.0685 94.0511
60.1018 105.527
60.1686 93.5731
60.2019 94.355
60.2687 93.3825
60.302 98.8401
60.3688 94.6934
60.4021 95.8945
60.4689 100.26
60.5022 96.0118
60.569 103.69
60.6023 95.5708
60.6691 93.9178
60.7024 99.9036
60.7692 101.097
60.8025 96.9918
60.8693 95.9328
60.9026 109.339
60.9694 99.3985
61.0027 103.581
61.0695 93.5172
61.1028 106.384
61.1696 92.2627
61.2029 100.819
61.2697 94.3434
61.303 94.368
61.3698 101.769
61.4031 93.5028
61.4699 101.351
61.5032 94.3534
61.57 98.0037
61.6033 95.8583
61.6701 97.1359
61.7034 104.38
61.7702 101.048
61.8035 100.004
61.8703 101.895
61.9036 102.956
61.9704 101.291
62.0037 101.759
62.0705 96.6153
62.1038 99.2955
62.1706 91.8642
62.2039 100.61
62.2707 99.7366
62.304 99.3852
62.3708 94.6276
62.4041 104.181
62.4709 89.057
62.5042 105.416
62.571 97.023
62.6043 100.461
62.6711 99.1909
62.7044 97.2624
62.7712 93.2971
62.8045 95.203
62.8713 102.143
62.9046 98.6169
62.9714 101.565
63.0047 90.1682
63.0715 98.5211
63.1048 86.3921
63.1716 93.715
63.2049 94.0674
63.2717 102.396
63.305 90.1123
63.3718 92.3666
63.4051 89.8618
63.4719 95.7425
63.5052 91.134
63.572 93.6471
63.6053 97.5251
63.6721 72.9895
63.7054 85.0469
63.7722 83.0401
63.8055 81.6951
63.8723 95.8811
63.9056 76.1049
63.9724 81.6475
64.0057 80.3803
64.0725 67.6425
64.1058 61.5851
64.1726 70.1651
64.2059 73.7484
64.2727 67.6999
64.306 58.9902
64.3728 61.6073
64.4061 57.1482
64.4729 57.9241
64.5062 59.2386
64.573 41.0123
64.6063 42.1053
64.6731 35.2284
64.7064 40.8816
64.7732 15.4606
64.8065 30.3113
64.8733 25.1056
64.9066 17.5105
64.9734 15.9158
65.0067 10.1781
65.0735 15.6106
65.1068 9.19384
65.1736 -6.54201
65.2069 4.91846
65.2737 -0.608478
65.307 -5.94142
65.3738 -13.0932
65.4071 -17.4365
65.4739 -19.2312
65.5072 -14.1936
65.574 -27.4967
65.6073 -32.4091
65.6741 -27.1029
65.7074 -31.0685
65.7742 -38.8094
65.8075 -47.0787
65.8743 -40.9774
65.9076 -52.4871
65.9744 -61.684
66.0077 -57.163
66.0745 -58.9199
66.1078 -60.3875
66.1746 -69.6719
66.2079 -60.3798
66.2747 -66.8242
66.308 -74.7535
66.3748 -78.2387
66.4081 -72.1756
66.4749 -81.7373
66.5082 -85.7149
66.575 -86.9377
66.6083 -82.5334
66.6751 -96.0428
66.7084 -94.467
66.7752 -97.1847
66.8085 -103.6
66.8753 -115.003
66.9086 -115.207
66.9754 -113.725
67.0087 -116.469
67.0755 -125.359
67.1088 -115.271
67.1756 -123.088
67.2089 -123.937
67.2757 -135.364
67.309 -129.968
67.3758 -134.052
67.4091 -140.465
67.4759 -140.5
67.5092 -139.367
67.576 -141.623
67.6093 -136.182
67.6761 -144.738
67.7094 -146.869
67.7762 -150.224
67.8095 -154.087
67.8763 -161.401
67.9096 -167.127
67.9764 -160.545
68.0097 -164.424
68.0765 -171.523
68.1098 -170.233
68.1766 173.26
68.2099 183.56
68.2767 166.976
68.31 170.049
68.3768 172.047
68.4101 173.59
68.4769 164.128
68.5102 162.27
68.577 161.493
68.6103 159.392
68.6771 152.146
68.7104 147.423
68.7772 153.737
68.8105 154.098
68.8773 146.694
68.9106 144.548
68.9774 136.484
69.0107 141.301
69.0775 136.902
69.1108 130.78
69.1776 132.118
69.2109 124.712
69.2777 122.439
69.311 113.089
69.3778 112.971
69.4111 114.894
69.4779 109.586
69.5112 114.474
69.578 103.216
69.6113 110.391
69.6781 107.64
69.7114 101.22
69.7782 95.4137
69.8115 95.8266
69.8783 96.6043
69.9116 88.7829
69.9784 99.405
70.0117 86.1838
70.0785 98.6619
70.1118 85.209
70.1786 78.3424
70.2119 90.8397
70.2787 97.6183
70.312 95.7275
70.3788 92.7981
70.4121 79.8571
70.4789 92.542
70.5122 89.1052
70.579 91.1118
70.6123 93.1541
70.6791 103.433
70.7124 100.679
70.7792 96.2576
70.8125 101.68
70.8793 86.2094
70.9126 100.351
70.9794 94.2207
71.0127 97.1132
71.0795 96.55
71.1128 99.1673
71.1796 86.0698
71.2129 100.947
71.2797 100.514
71.313 88.2547
71.3798 99.7832
71.4131 95.355
71.4799 92.0847
71.5132 93.6659
71.58 90.7363
71.6133 85.7484
71.6801 100.725
71.7134 99.1382
71.7802 96.9104
71.8135 101.395
71.8803 95.0271
71.9136 103.548
71.9804 99.3979
72.0137 96.5229
72.0805 102.556
72.1138 98.5845
72.1806 91.6992
72.2139 109.003
72.2807 107.949
72.314 95.9431
72.3808 93.1498
72.4141 93.6653
72.4809 100.868
72.5142 91.6844
72.581 88.393
72.6143 90.4601
72.6811 92.6878
72.7144 91.2032
72.7812 95.5147
72.8145 100.319
72.8813 94.9744
72.9146 103.882
72.9814 95.1281
73.0147 99.704
73.0815 94.4802
73.1148 90.5322
73.1816 99.6935
73.2149 95.7363
73.2817 94.6193
73.315 96.6296
73.3818 98.2548
73.4151 101.159
73.4819 92.5124
73.5152 93.7005
73.582 97.8568
73.6153 102.209
73.6821 91.72
73.7154 105.921
73.7822 91.6621
73.8155 103.357
73.8823 102.647
73.9156 110.379
73.9824 100.169
74.0157 101.771
74.0825 98.8918
74.1158 98.8517
74.1826 96.0614
74.2159 92.1669
74.2827 100.111
74.316 95.2366
74.3828 99.9347
74.4161 100.921
74.4829 94.4448
74.5162 105.374
74.583 94.2573
74.6163 94.8276
74.6831 89.467
74.7164 95.8633
74.7832 99.4333
74.8165 92.4254
74.8833 86.8236
74.9166 93.9847
74.9834 96.9182
75.0167 97.8103
75.0835 100.685
75.1168 92.4398
75.1836 105.772
75.2169 92.7099
75.2837 96.1208
75.317 94.4529
75.3838 97.1676
75.4171 90.173
75.4839 93.3453
75.5172 91.5213
75.584 89.1346
75.6173 102.24
75.6841 98.8653
75.7174 89.3039
75.7842 84.9148
75.8175 103.969
75.8843 77.8806
75.9176 95.5199
75.9844 99.5629
76.0177 92.8815
76.0845 94.3528
76.1178 90.8028
76.1846 88.442
76.2179 98.3665
76.2847 97.5917
76.318 102.504
76.3848 98.7597
76.4181 97.6877
76.4849 90.8925
76.5182 94.4086
76.585 92.7923
76.6183 100.967
76.6851 92.7914
76.7184 88.5444
76.7852 87.9744
76.8185 96.4803
76.8853 98.0523
76.9186 99.7108
76.9854 87.1946
77.0187 91.9997
77.0855 108.185
77.1188 92.8212
77.1856 90.7411
77.2189 91.3815
77.2857 92.8079
77.319 84.7001
77.3858 101.823
77.4191 95.6502
77.4859 90.329
77.5192 101.861
77.586 93.3888
77.6193 86.2101
77.6861 84.3585
77.7194 92.928
77.7862 83.7488
77.8195 91.3892
77.8863 82.8681
77.9196 97.7962
77.9864 93.5806
78.0197 93.2061
78.0865 91.5143
78.1198 90.3059
78.1866 94.7415
78.2199 90.7508
78.2867 88.0887
78.32 103.978
78.3868 91.4532
78.4201 92.9859
78.4869 94.9743
78.5202 91.6902
78.587 84.5086
78.6203 84.1763
78.6871 88.4395
78.7204 82.0826
78.7872 83.963
78.8205 92.6929
78.8873 93.0417
78.9206 89.7215
78.9874 99.6422
79.0207 88.6942
79.0875 95.7421
79.1208 100.573
79.1876 95.7312
79.2209 99.8947
79.2877 94.8752
79.321 100.258
79.3878 100.545
79.4211 91.4702
79.4879 99.8166
79.5212 99.4648
79.588 98.9427
79.6213 95.7365
79.6881 106.228
79.7214 103.388
79.7882 99.3105
79.8215 100.252
79.8883 111.225
79.9216 100.235
79.9884 116.812
80.0217 113.009
80.0885 106.218
80.1218 112.057
80.1886 116.05
80.2219 123.232
80.2887 122.176
80.322 124.956
80.3888 123.272
80.4221 127.286
80.4889 135.822
80.5222 137.53
80.589 151.948
80.6223 155.683
80.6891 154.338
80.7224 156.047
80.7892 161.974
80.8225 160.727
80.8893 175.281
80.9226 166.764
80.9894 169.281
81.0227 186.201
81.0895 -178.25
81.1228 -172.084
81.1896 -170.339
81.2229 -169.379
81.2897 -167.718
81.323 -158.841
81.3898 -153.026
81.4231 -154.596
81.4899 -142.784
81.5232 -152.42
81.59 -143.943
81.6233 -140.964
81.6901 -142.019
81.7234 -136.754
81.7902 -133.656
81.8235 -125.69
81.8903 -135.298
81.9236 -137.478
81.9904 -125.047
82.0237 -130.171
82.0905 -127.117
82.1238 -114.965
82.1906 -114.85
82.2239 -122.818
82.2907 -120.854
82.324 -109.582
82.3908 -110.289
82.4241 -111.516
82.4909 -117.414
82.5242 -102.414
82.591 -93.5129
82.6243 -101.008
82.6911 -97.6256
82.7244 -101.374
82.7912 -107.804
82.8245 -106.118
82.8913 -99.067
82.9246 -81.7738
82.9914 -91.544
83.0247 -92.5599
83.0915 -96.3574
83.1248 -85.0677
83.1916 -80.5279
83.2249 -88.3468
83.2917 -83.6329
83.325 -88.8364
83.3918 -86.7721
83.4251 -81.9119
83.4919 -88.9349
83.5252 -90.5775
83.592 -94.1903
83.6253 -90.114
83.6921 -86.7192
83.7254 -78.341
83.7922 -78.47
83.8255 -69.8255
83.8923 -91.7787
83.9256 -81.3739
83.9924 -83.229
84.0257 -81.4347
84.0925 -74.8015
84.1258 -78.7355
84.1926 -90.4132
84.2259 -80.2914
84.2927 -90.2141
84.326 -82.0013
84.3928 -79.8543
84.4261 -80.5767
84.4929 -91.5598
84.5262 -82.6379
84.593 -95.5909
84.6263 -83.656
84.6931 -85.9658
84.7264 -98.4283
84.7932 -85.7198
84.8265 -87.4283
84.8933 -85.5265
84.9266 -81.1631
84.9934 -84.6815
85.0267 -79.422
85.0935 -90.1073
85.1268 -87.6988
85.1936 -76.9821
85.2269 -81.4259
85.2937 -94.0156
85.327 -84.8249
85.3938 -90.7388
85.4271 -83.4192
85.4939 -86.8261
85.5272 -89.5591
85.594 -79.3232
85.6273 -75.0568
85.6941 -75.0187
85.7274 -83.5098
85.7942 -83.7397
85.8275 -89.7023
85.8943 -83.5223
85.9276 -75.4708
85.9944 -87.6295
86.0277 -89.6141
86.0945 -82.8959
86.1278 -82.7479
86.1946 -88.1944
86.2279 -89.2156
86.2947 -75.694
86.328 -90.632
86.3948 -88.2582
86.4281 -72.5844
86.4949 -82.3022
86.5282 -90.1976
86.595 -82.3285
86.6283 -79.8112
86.6951 -87.568
86.7284 -81.2069
86.7952 -80.0951
86.8285 -80.9415
86.8953 -86.2494
86.9286 -89.0482
86.9954 -82.4955
87.0287 -78.1239
87.0955 -79.3637
87.1288 -86.1335
87.1956 -70.919
87.2289 -85.1807
87.2957 -79.6162
87.329 -85.595
87.3958 -81.8674
87.4291 -79.6355
87.4959 -84.0137
87.5292 -86.9326
87.596 -79.122
87.6293 -81.2393
87.6961 -82.5752
87.7294 -74.8231
87.7962 -82.2364
87.8295 -74.3519
87.8963 -78.4351
87.9296 -79.2791
87.9964 -87.6882
88.0297 -75.3874
88.0965 -80.0017
88.1298 -94.0836
88.1966 -80.0075
88.2299 -88.5179
88.2967 -93.4647
88.33 -97.0291
88.3968 -88.2576
88.4301 -80.2009
88.4969 -79.0836
88.5302 -84.7106
88.597 -91.4688
88.6303 -79.8255
88.6971 -95.7319
88.7304 -89.2232
88.7972 -90.3417
88.8305 -77.7872
88.8973 -82.2942
88.9306 -74.3887
88.9974 -74.8401
89.0307 -86.0997
89.0975 -72.9758
89.1308 -73.9221
89.1976 -83.0009
89.2309 -82.07
89.2977 -81.8278
89.331 -83.1265
89.3978 -78.8703
89.4311 -73.1695
89.4979 -81.0307
89.5312 -79.5274
89.598 -82.5332
89.6313 -82.6677
89.6981 -85.8618
89.7314 -79.1726
89.7982 -69.4072
89.8315 -93.1732
89.8983 -74.3028
89.9316 -82.4985
89.9984 -87.9231
90.0317 -85.6536
90.0985 -81.0088
90.1318 -82.0132
90.1986 -72.7036
90.2319 -73.3856
90.2987 -65.653
90.332 -88.9176
90.3988 -76.7074
90.4321 -79.8997
90.4989 -83.2776
90.5322 -94.124
90.599 -77.6181
90.6323 -84.4532
90.6991 -94.1817
90.7324 -79.5834
90.7992 -80.9216
90.8325 -86.131
90.8993 -88.8948
90.9326 -90.3731
90.9994 -84.1654
91.0327 -81.1538
91.0995 -82.9147
91.1328 -80.9447
91.1996 -80.684
91.2329 -79.7272
91.2997 -83.1522
91.333 -70.6825
91.3998 -75.5045
91.4331 -82.94
91.4999 -77.6586
91.5332 -76.8743
91.6 -84.3226
91.6333 -82.8114
91.7001 -72.7707
91.7334 -89.8246
91.8002 -92.8633
91.8335 -85.1196
91.9003 -88.7081
91.9336 -79.6366
92.0004 -91.2381
92.0337 -85.6151
92.1005 -89.9129
92.1338 -82.6304
92.2006 -85.8756
92.2339 -92.485
92.3007 -82.2064
92.334 -79.3221
92.4008 -80.6744
92.4341 -87.1789
92.5009 -75.1274
92.5342 -79.0496
92.601 -82.3213
92.6343 -85.3396
92.7011 -89.0828
92.7344 -86.9437
92.8012 -88.7958
92.8345 -85.0479
92.9013 -95.5285
92.9346 -82.4812
93.0014 -83.7223
93.0347 -87.099
93.1015 -88.8001
93.1348 -87.0229
93.2016 -79.2528
93.2349 -85.2488
93.3017 -76.5955
93.335 -84.9632
93.4018 -86.9558
93.4351 -87.0099
93.5019 -84.7996
93.5352 -80.9961
93.602 -88.881
93.6353 -85.5588
93.7021 -89.087
93.7354 -79.2542
93.8022 -79.986
93.8355 -88.2927
93.9023 -84.7564
93.9356 -94.5321
94.0024 -84.6434
94.0357 -90.9597
94.1025 -99.6014
94.1358 -83.9187
94.2026 -73.6913
94.2359 -88.3453
94.3027 -80.592
94.336 -84.5711
94.4028 -82.4324
94.4361 -82.2355
94.5029 -80.1524
94.5362 -83.7279
94.603 -73.9704
94.6363 -79.2522
94.7031 -76.1552
94.7364 -74.9407
94.8032 -82.1193
94.8365 -82.7127
94.9033 -78.8713
94.9366 -84.9143
95.0034 -81.4225
95.0367 -79.8188
95.1035 -79.9964
95.1368 -82.2536
95.2036 -90.8249
95.2369 -86.8932
95.3037 -83.3779
95.337 -77.1653
95.4038 -72.0368
95.4371 -80.8422
95.5039 -96.5081
95.5372 -82.8601
95.604 -81.7413
95.6373 -77.3415
95.7041 -83.8035
95.7374 -77.1799
95.8042 -77.8314
95.8375 -82.2276
95.9043 -79.3179
95.9376 -73.2649
96.0044 -82.3694
96.0377 -83.5287
96.1045 -87.8356
96.1378 -85.1697
96.2046 -80.5916
96.2379 -80.6355
96.3047 -85.492
96.338 -79.3746
96.4048 -82.407
96.4381 -84.3663
96.5049 -79.5864
96.5382 -80.7625
96.605 -74.7559
96.6383 -85.5312
96.7051 -77.6573
96.7384 -84.9525
96.8052 -72.9415
96.8385 -85.1433
96.9053 -76.0488
96.9386 -81.3376
97.0054 -81.0844
97.0387 -81.4512
97.1055 -80.9749
97.1388 -81.7084
97.2056 -85.1408
97.2389 -89.0376
97.3057 -80.0249
97.339 -76.0604
97.4058 -98.0814
97.4391 -99.8853
97.5059 -87.02
97.5392 -81.3419
97.606 -81.4857
97.6393 -75.2024
97.7061 -74.6483
97.7394 -87.7163
97.8062 -72.2993
97.8395 -80.4669
97.9063 -87.9391
97.9396 -81.5293
98.0064 -74.9981
98.0397 -74.0421
98.1065 -83.942
98.1398 -80.2367
98.2066 -86.2635
98.2399 -76.5885
98.3067 -90.291
98.34 -86.3818
98.4068 -89.2629
98.4401 -75.4516
98.5069 -78.7033
98.5402 -79.6129
98.607 -82.7317
98.6403 -88.6461
98.7071 -80.6358
98.7404 -76.7078
98.8072 -86.1753
98.8405 -80.3927
98.9073 -85.8845
98.9406 -81.1397
99.0074 -85.0798
99.0407 -74.3005
99.1075 -74.5222
99.1408 -80.8773
99.2076 -77.5143
99.2409 -78.1199
99.3077 -82.3811
99.341 -85.224
99.4078 -83.4804
99.4411 -82.237
99.5079 -82.6599
99.5412 -87.6312
99.608 -86.0837
99.6413 -88.8407
99.7081 -76.7964
99.7414 -70.7929
99.8082 -78.1589
99.8415 -80.0851
99.9083 -83.517
99.9416 -85.7036
100.008 -74.665
100.042 -70.8652
100.108 -73.3635
100.142 -82.0574
100.209 -73.8743
100.242 -67.7036
100.309 -67.7395
100.342 -66.399
100.409 -69.491
100.442 -64.9564
100.509 -58.4463
100.542 -68.7719
100.609 -56.9801
100.642 -62.0274
100.709 -58.2284
100.742 -62.3429
100.809 -60.3142
100.843 -59.9069
100.909 -53.5154
100.943 -60.6407
101.009 -54.9843
101.043 -53.6557
101.109 -45.7689
101.143 -51.1021
101.21 -35.9691
101.243 -42.8
101.31 -40.919
101.343 -57.9713
101.41 -34.2851
101.443 -48.9298
101.51 -42.7963
101.543 -29.5068
101.61 -51.96
101.643 -33.039
101.71 -46.7194
101.743 -40.7909
101.81 -46.6346
101.844 -50.8121
101.91 -40.8886
101.944 -47.3542
102.01 -46.197
102.044 -46.5442
102.11 -41.4571
102.144 -43.5048
102.211 -47.8299
102.244 -43.0237
102.311 -38.9382
102.344 -32.9633
102.411 -50.8155
102.444 -36.4184
102.511 -49.111
102.544 -41.1218
102.611 -35.3537
102.644 -34.4582
102.711 -35.3431
102.744 -42.8933
102.811 -47.1624
102.845 -46.158
102.911 -39.9196
102.945 -42.3182
103.011 -46.4092
103.045 -48.718
103.111 -44.7065
103.145 -41.2793
103.212 -44.8346
103.245 -42.9206
103.312 -46.6823
103.345 -48.1369
103.412 -40.3583
103.445 -43.375
103.512 -37.8709
103.545 -37.0161
103.612 -39.5755
103.645 -39.6664
103.712 -45.6212
103.745 -42.1972
103.812 -41.4337
103.846 -45.3463
103.912 -46.9699
103.946 -41.3432
104.012 -40.5937
104.046 -37.1341
104.112 -38.4178
104.146 -44.7235
104.213 -44.7919
104.246 -49.1635
104.313 -42.6982
104.346 -33.0744
104.413 -40.4675
104.446 -37.7732
104.513 -38.0786
104.546 -36.6912
104.613 -37.0738
104.646 -36.1793
104.713 -44.2121
104.746 -36.9717
104.813 -44.6895
104.847 -47.1789
104.913 -44.1034
104.947 -48.8297
105.013 -55.9174
105.047 -49.9094
105.113 -52.5629
105.147 -53.6371
105.214 -50.02
105.247 -60.4279
105.314 -57.0481
105.347 -54.4276
105.414 -57.0868
105.447 -63.4101
105.514 -64.958
105.547 -58.6321
105.614 -72.2315
105.647 -67.5397
105.714 -72.6079
105.747 -72.526
105.814 -79.6376
105.848 -82.7282
105.914 -78.1372
105.948 -82.1889
106.014 -88.3069
106.048 -88.4939
106.114 -95.7178
106.148 -95.3805
106.215 -102.925
106.248 -104.266
106.315 -109.842
106.348 -98.7177
106.415 -111.892
106.448 -117.536
106.515 -97.4836
106.548 -109.66
106.615 -106.688
106.648 -112.266
106.715 -105.018
106.748 -114.369
106.815 -108.393
106.849 -108.664
106.915 -118.869
106.949 -114.91
107.015 -124.411
107.049 -116.431
107.115 -121.399
107.149 -112.346
107.216 -121.566
107.249 -120.601
107.316 -121.887
107.349 -125.023
107.416 -119.65
107.449 -123.355
107.516 -121.053
107.549 -121.618
107.616 -121.473
107.649 -117.987
107.716 -120.286
107.749 -116.663
107.816 -111.426
107.85 -113.365
107.916 -112.627
107.95 -104.823
108.016 -112.405
108.05 -117.577
108.116 -101.32
108.15 -106.335
108.217 -110.592
108.25 -106.989
108.317 -108.654
108.35 -110.36
108.417 -105.954
108.45 -98.5276
108.517 -101.647
108.55 -106.423
108.617 -113.095
108.65 -108.6
108.717 -108.873
108.75 -100.115
108.817 -105.98
108.851 -103.316
108.917 -108.055
108.951 -107.291
109.017 -100.445
109.051 -107.509
109.117 -106.948
109.151 -104.945
109.218 -106.264
109.251 -103.944
109.318 -101.858
109.351 -102.232
109.418 -105.001
109.451 -104.125
109.518 -107.274
109.551 -100.321
109.618 -102.803
109.651 -113.912
109.718 -110.407
109.751 -101.744
109.818 -100.463
109.852 -117.52
109.918 -107.031
109.952 -104.339
110.018 -104.577
110.052 -102.065
110.118 -107.42
110.152 -101.41
110.219 -102.815
110.252 -94.4115
110.319 -93.6817
110.352 -105.909
110.419 -94.3208
110.452 -102.827
110.519 -102.348
110.552 -98.8347
110.619 -103.816
110.652 -101.073
110.719 -98.8196
110.752 -106.603
110.819 -101.717
110.853 -102.892
110.919 -97.3391
110.953 -99.1189
111.019 -111.189
111.053 -106.287
111.119 -104.093
111.153 -111.84
111.22 -101.037
111.253 -98.3029
111.32 -108.848
111.353 -101.077
111.42 -105.566
111.453 -97.7584
111.52 -111.359
111.553 -107.957
111.62 -106.146
111.653 -113.32
111.72 -110.723
111.753 -103.945
111.82 -103.088
111.854 -110.764
111.92 -118.51
111.954 -105.98
112.02 -116.022
112.054 -111.786
112.12 -106.805
112.154 -104.493
112.221 -99.4631
112.254 -110.651
112.321 -107.876
112.354 -106.792
112.421 -101.158
112.454 -109.481
112.521 -106.862
112.554 -104.451
112.621 -108.097
112.654 -113.815
112.721 -106.614
112.754 -104.707
112.821 -106.545
112.855 -118.708
112.921 -107.532
112.955 -114.817
113.021 -114.006
113.055 -119.374
113.121 -115.14
113.155 -107.313
113.222 -109.817
113.255 -106.775
113.322 -103.545
113.355 -97.7282
113.422 -110.295
113.455 -98.6959
113.522 -101.487
113.555 -100.979
113.622 -102.323
113.655 -95.6391
113.722 -92.3614
113.755 -101.005
113.822 -99.1231
113.856 -99.2384
113.922 -96.1151
113.956 -105.422
114.022 -89.0793
114.056 -95.5752
114.122 -98.4058
114.156 -87.6939
114.223 -91.7339
114.256 -86.9246
114.323 -92.8633
114.356 -85.9434
114.423 -88.0339
114.456 -98.2574
114.523 -71.4616
114.556 -88.7566
114.623 -80.6596
114.656 -82.0232
114.723 -78.9923
114.756 -77.0697
114.823 -90.0343
114.857 -83.3272
114.923 -80.923
114.957 -77.2665
115.023 -88.2048
115.057 -79.4283
115.123 -75.6642
115.157 -87.9763
115.224 -85.7997
115.257 -87.8924
115.324 -85.2911
115.357 -89.7486
115.424 -92.4776
115.457 -88.5538
115.524 -93.019
115.557 -88.4995
115.624 -91.8986
115.657 -85.5595
115.724 -78.5184
115.757 -88.1321
115.824 -78.0658
115.858 -77.5777
115.924 -91.5826
115.958 -84.7945
116.024 -86.7207
116.058 -82.8332
116.124 -82.4327
116.158 -78.5054
116.225 -85.9397
116.258 -89.3761
116.325 -87.1413
116.358 -89.7151
116.425 -79.1201
116.458 -82.4483
116.525 -84.5911
116.558 -85.4033
116.625 -86.5493
116.658 -85.0904
116.725 -83.6948
116.758 -77.6151
116.825 -84.1526
116.859 -75.764
116.925 -91.2305
116.959 -81.7652
117.025 -89.1487
117.059 -74.6571
117.125 -74.7545
117.159 -89.7617
117.226 -79.2223
117.259 -87.2769
117.326 -80.5077
117.359 -94.8402
117.426 -85.4077
117.459 -87.3563
117.526 -79.7028
117.559 -85.5345
117.626 -87.4581
117.659 -81.7914
117.726 -80.5443
117.759 -80.0295
117.826 -82.7354
117.86 -82.919
117.926 -78.8465
117.96 -90.4333
118.026 -84.895
118.06 -81.4483
118.126 -81.7966
118.16 -81.6768
118.227 -83.4586
118.26 -77.6976
118.327 -81.8263
118.36 -80.1884
118.427 -84.894
118.46 -90.0659
118.527 -90.5129
118.56 -81.0799
118.627 -88.9395
118.66 -81.7352
118.727 -95.0544
118.76 -83.9092
118.827 -80.9854
118.861 -88.8764
118.927 -91.9756
118.961 -97.1649
119.027 -88.6474
119.061 -91.0985
119.127 -81.5085
119.161 -80.5833
119.228 -75.9065
119.261 -89.387
119.328 -87.513
119.361 -96.5972
119.428 -86.5552
119.461 -88.9071
119.528 -96.215
119.561 -86.6795
119.628 -97.3202
119.661 -84.367
119.728 -85.5891
119.761 -88.0631
119.828 -94.9534
119.862 -99.4522
119.928 -103.648
119.962 -80.8841
120.028 -89.6174
120.062 -85.8427
120.128 -81.9481
120.162 -80.2928
120.229 -94.3181
120.262 -93.5257
120.329 -90.8217
120.362 -85.2489
120.429 -85.68
120.462 -72.8665
120.529 -86.5343
120.562 -84.6092
120.629 -94.5312
120.662 -99.5064
120.729 -95.0996
120.762 -98.9138
120.829 -97.3259
120.863 -88.4375
120.929 -91.7517
120.963 -88.1196
121.029 -79.2752
121.063 -91.1086
121.129 -98.3978
121.163 -90.3048
121.23 -85.5684
121.263 -91.1403
121.33 -91.1929
121.363 -92.4419
121.43 -89.1093
121.463 -86.7035
121.53 -87.9974
121.563 -84.7955
121.63 -86.653
121.663 -82.9784
121.73 -99.808
121.763 -81.7827
121.83 -98.6846
121.864 -81.2929
121.93 -89.4746
121.964 -93.7511
122.03 -95.9125
122.064 -99.3785
122.13 -90.2745
122.164 -97.7108
122.231 -98.3184
122.264 -91.7256
122.331 -84.8459
122.364 -95.9903
122.431 -92.7764
122.464 -84.8918
122.531 -86.2202
122.564 -90.1728
122.631 -81.8251
122.664 -87.2522
122.731 -83.1572
122.764 -89.7491
122.831 -92.9719
122.865 -96.8213
122.931 -94.8634
122.965 -92.8799
123.031 -87.6493
123.065 -99.7994
123.131 -92.2623
123.165 -93.1976
123.232 -91.3124
123.265 -92.4736
123.332 -85.312
123.365 -94.8786
123.432 -88.33
123.465 -93.8924
123.532 -90.0743
123.565 -86.9176
123.632 -89.4338
123.665 -90.463
123.732 -91.3708
123.765 -90.7917
123.832 -89.4467
123.866 -83.3635
123.932 -97.5695
123.966 -102.089
124.032 -94.7972
124.066 -96.1128
124.132 -101.525
124.166 -79.9985
124.233 -85.4304
124.266 -83.5827
124.333 -86.8649
124.366 -84.3167
124.433 -83.9817
124.466 -85.2427
124.533 -89.0294
124.566 -86.3833
124.633 -78.4522
124.666 -76.1143
124.733 -86.7001
124.766 -80.1155
124.833 -76.0805
124.867 -72.0298
124.933 -72.4883
124.967 -79.178
125.033 -81.3118
125.067 -76.3279
125.133 -69.734
125.167 -71.0594
125.234 -68.8802
125.267 -64.1661
125.334 -56.4862
125.367 -63.2033
125.434 -58.4451
125.467 -50.1811
125.534 -59.0986
125.567 -41.4263
125.634 -46.7429
125.667 -51.8857
125.734 -34.1447
125.767 -42.98
125.834 -39.0175
125.868 -19.4382
125.934 -19.7988
125.968 -23.7772
126.034 -16.6622
126.068 -18.0017
126.134 -5.33158
126.168 1.86436
126.235 -1.79361
126.268 11.4686
126.335 13.208
126.368 5.78429
126.435 13.4379
126.468 17.6185
126.535 6.00625
126.568 24.0047
126.635 30.7487
126.668 29.4849
126.735 33.7591
126.768 43.8929
126.835 43.1722
126.869 34.1148
126.935 44.4149
126.969 51.4812
127.035 45.6313
127.069 36.9841
127.135 46.0418
127.169 57.1277
127.236 63.8951
127.269 60.5261
127.336 71.1512
127.369 75.1953
127.436 86.9948
127.469 77.2644
127.536 77.0501
127.569 75.6052
127.636 102.646
127.669 100.944
127.736 101.715
127.769 96.1727
127.836 102.586
127.87 102.039
127.936 102.521
127.97 106.351
128.036 99.4815
128.07 102.451
128.136 102.389
128.17 95.542
128.237 99.2522
128.27 97.5039
128.337 95.7772
128.37 93.9497
128.437 95.0796
128.47 98.8002
128.537 107.022
128.57 90.5833
128.637 109.616
128.67 96.3899
128.737 101.642
128.77 90.2349
128.837 106.201
128.871 85.9729
128.937 108.008
128.971 104.887
129.037 96.145
129.071 99.5481
129.137 100.45
129.171 100.771
129.238 99.2963
129.271 89.8815
129.338 96.208
129.371 105.688
129.438 93.3469
129.471 91.835
129.538 104.522
129.571 94.3923
129.638 96.3131
129.671 94.5552
129.738 98.9838
129.771 105.5
129.838 101.605
129.872 94.2064
129.938 96.8382
129.972 104.547
130.038 98.482
130.072 104.217
130.138 90.0162
130.172 91.1691
130.239 97.3858
130.272 97.7792
130.339 85.503
130.372 102.538
130.439 95.5779
130.472 85.333
130.539 96.8129
130.572 93.2278
130.639 86.2387
130.672 85.6489
130.739 91.3428
130.772 85.788
130.839 89.98
130.873 85.4255
130.939 90.3851
130.973 84.4846
131.039 81.0968
131.073 86.5455
131.139 77.9475
131.173 87.8204
131.24 84.7925
131.273 89.4508
131.34 86.6623
131.373 77.2746
131.44 80.7426
131.473 83.42
131.54 75.9179
131.573 84.6369
131.64 67.1934
131.673 71.7806
131.74 67.4008
131.773 67.1934
131.84 62.4826
131.874 70.1299
131.94 53.939
131.974 73.4858
132.04 71.374
132.074 73.3888
132.14 74.642
132.174 68.0908
132.241 67.2366
132.274 63.3013
132.341 57.6319
132.374 65.1988
132.441 59.6073
132.474 67.2492
132.541 57.1362
132.574 57.2479
132.641 59.1482
132.674 62.6395
132.741 59.4879
132.774 57.2859
132.841 54.3983
132.875 57.3888
132.941 56.2535
132.975 49.4696
133.041 45.7757
133.075 52.8251
133.141 57.6232
133.175 57.3068
133.242 54.6159
133.275 52.015
133.342 49.5182
133.375 50.5198
133.442 46.1316
133.475 58.5817
133.542 46.5632
133.575 50.6156
133.642 54.6406
133.675 50.0718
133.742 44.2548
133.775 48.8313
133.842 54.3947
133.876 46.4145
133.942 46.6263
133.976 47.1262
134.042 46.9288
134.076 44.0739
134.142 39.4413
134.176 44.2775
134.243 47.6971
134.276 43.2695
134.343 34.3307
134.376 49.334
134.443 51.2696
134.476 46.4394
134.543 53.0376
134.576 54.1529
134.643 47.8491
134.676 39.1488
134.743 47.9531
134.776 41.3271
134.843 44.8249
134.877 33.2951
134.943 40.2224
134.977 44.4177
135.043 42.7528
135.077 45.404
135.143 43.6741
135.177 37.1219
135.244 42.7925
135.277 32.6023
135.344 24.0248
135.377 34.6746
135.444 30.2767
135.477 25.3174
135.544 30.97
135.577 25.5984
135.644 30.838
135.677 25.0174
135.744 22.9922
135.777 18.3891
135.844 15.5139
135.878 21.0316
135.944 21.2514
135.978 15.4245
136.044 16.1103
136.078 13.3353
136.144 15.4842
136.178 15.6925
136.245 16.3492
136.278 11.2373
136.345 10.3482
136.378 5.57859
136.445 7.32566
136.478 8.5827
136.545 6.70533
136.578 1.60074
136.645 8.92417
136.678 -2.8011
136.745 7.44194
136.778 -1.37404
136.845 7.80485
136.879 3.95775
136.945 0.806533
136.979 0.334598
137.045 3.72701
137.079 1.31662
137.145 1.16922
137.179 13.3652
137.246 9.75182
137.279 8.1456
137.346 11.1751
137.379 8.55002
137.446 -3.60122
137.479 3.09344
137.546 1.41828
137.579 0.718142
137.646 0.634439
137.679 1.04949
137.746 0.121753
137.779 -4.60918
137.846 -1.32715
137.88 0.398228
137.946 -2.74237
137.98 -1.31072
138.046 5.03221
138.08 5.0663
138.146 4.2418
138.18 -2.1219
138.247 5.77136
138.28 -4.94011
138.347 2.62111
138.38 -2.10448
138.447 -0.606199
138.48 1.33771
138.547 -0.490015
138.58 4.82161
138.647 4.61228
138.68 4.17533
138.747 7.34529
138.78 -2.52697
138.847 2.02024
138.881 4.12074
138.947 10.4791
138.981 9.80289
139.047 4.15286
139.081 7.65668
139.147 5.46554
139.181 2.48366
139.248 13.3547
139.281 0.780514
139.348 7.0586
139.381 8.90955
139.448 4.16384
139.481 9.65404
139.548 7.32732
139.581 4.87593
139.648 -7.62161
139.681 1.69846
139.748 5.14313
139.781 5.73166
139.848 -2.38972
139.882 -1.87782
139.948 5.87735
139.982 -6.24104
140.048 -2.81177
140.082 0.619049
140.148 6.83395
140.182 13.8316
140.249 -2.26841
140.282 2.72034
140.349 4.2611
140.382 5.34272
140.449 2.19426
140.482 4.19997
140.549 4.9389
140.582 14.7364
140.649 1.36734
140.682 6.23097
140.749 4.8205
140.782 -1.99307
140.849 -1.44105
140.883 0.0460184
140.949 -5.73206
140.983 -1.99302
141.049 -5.78229
141.083 -11.2227
141.149 -14.0768
141.183 -15.8033
141.25 -8.2627
141.283 0.342221
141.35 -14.8476
141.383 -11.5027
141.45 -17.2192
141.483 -10.6244
141.55 -13.1463
141.583 -8.95412
141.65 -5.77045
141.683 -7.94987
141.75 -2.16166
141.783 -12.65
141.85 -1.48428
141.884 -18.3835
141.95 -22.3999
141.984 -12.2742
142.05 -22.1617
142.084 -29.1375
142.15 -31.0985
142.184 -26.9374
142.251 -25.9345
142.284 -21.8006
142.351 -22.805
142.384 -25.8436
142.451 -23.9015
142.484 -24.0433
142.551 -21.9762
142.584 -22.6442
142.651 -28.8147
142.684 -29.0861
142.751 -24.5494
142.784 -36.7098
142.851 -42.1728
142.885 -42.803
142.951 -37.0016
142.985 -32.0377
143.051 -41.3593
143.085 -45.6271
143.151 -44.4995
143.185 -50.3415
143.252 -44.029
143.285 -43.5848
143.352 -39.761
143.385 -44.7348
143.452 -45.296
143.485 -41.3429
143.552 -54.0232
143.585 -46.2468
143.652 -44.1852
143.685 -46.9227
143.752 -37.838
143.785 -45.2978
143.852 -37.9499
143.886 -37.6246
143.952 -37.4477
143.986 -42.077
144.052 -42.4376
144.086 -55.9941
144.152 -39.7055
144.186 -47.8384
144.253 -39.69
144.286 -49.1788
144.353 -44.4883
144.386 -43.4975
144.453 -42.4035
144.486 -35.2422
144.553 -35.6176
144.586 -33.3971
144.653 -37.3062
144.686 -40.9334
144.753 -30.6641
144.786 -36.3286
144.853 -52.5939
144.887 -38.0614
144.953 -38.3188
144.987 -40.2413
145.053 -44.7218
145.087 -42.7387
145.153 -35.6721
145.187 -42.3412
145.254 -46.1542
145.287 -45.424
145.354 -45.2827
145.387 -43.2862
145.454 -39.8595
145.487 -41.6094
145.554 -41.297
145.587 -37.835
145.654 -43.0284
145.687 -35.7069
145.754 -27.7933
145.787 -36.3378
145.854 -45.1937
145.888 -38.5825
145.954 -44.7486
145.988 -44.0773
146.054 -51.3007
146.088 -39.2512
146.154 -43.1942
146.188 -47.1328
146.255 -50.4347
146.288 -40.8806
146.355 -44.2734
146.388 -36.2427
146.455 -33.576
146.488 -37.1393
146.555 -37.0883
146.588 -34.7758
146.655 -32.4412
146.688 -36.2815
146.755 -28.1589
146.788 -30.7298
146.855 -40.4659
146.889 -38.4564
146.955 -38.2219
146.989 -35.2292
147.055 -37.3386
147.089 -37.6388
147.155 -45.2004
147.189 -36.0387
147.256 -42.4539
147.289 -40.3533
147.356 -36.0843
147.389 -40.5535
147.456 -40.6045
147.489 -39.9627
147.556 -38.2814
147.589 -46.4432
147.656 -43.5167
147.689 -44.7686
147.756 -40.2045
147.789 -40.3111
147.856 -35.8877
147.89 -43.0874
147.956 -39.5527
147.99 -35.9226
148.056 -40.681
148.09 -39.4271
148.156 -36.6091
148.19 -46.2797
148.257 -50.8501
148.29 -40.7227
148.357 -41.5663
148.39 -46.4318
148.457 -43.3857
148.49 -36.1819
148.557 -34.12
148.59 -45.8309
148.657 -35.8906
148.69 -39.2124
148.757 -50.5012
148.79 -32.0114
148.857 -41.0483
148.891 -43.5905
148.957 -43.1845
148.991 -43.5796
149.057 -36.3911
149.091 -42.4422
149.157 -47.9676
149.191 -41.5175
149.258 -45.7007
149.291 -38.5053
149.358 -35.5758
149.391 -38.4681
149.458 -43.3439
149.491 -48.1327
149.558 -47.3499
149.591 -28.1674
149.658 -40.2768
149.691 -31.304
149.758 -44.2997
149.791 -37.0251
149.858 -42.2176
149.892 -45.806
149.958 -46.257
149.992 -38.0592
150.058 -44.6403
150.092 -43.286
150.158 -42.9189
150.192 -48.8196
150.259 -43.5107
150.292 -39.1029
150.359 -40.2077
150.392 -39.992
150.459 -36.7314
150.492 -42.2311
150.559 -36.6587
150.592 -36.6859
150.659 -40.4914
150.692 -39.9334
150.759 -36.8365
150.792 -34.375
150.859 -38.5855
150.893 -45.769
150.959 -44.292
150.993 -34.36
151.059 -42.7755
151.093 -39.7308
151.159 -38.0035
151.193 -43.5104
151.26 -35.6761
151.293 -42.626
151.36 -35.3018
151.393 -41.6583
151.46 -40.8141
151.493 -37.6507
151.56 -43.5134
151.593 -43.899
151.66 -35.0827
151.693 -40.4606
151.76 -42.83
151.793 -40.1922
151.86 -35.047
151.894 -38.0615
151.96 -27.6731
151.994 -41.1416
152.06 -41.4283
152.094 -31.4267
152.16 -32.4048
152.194 -29.3862
152.261 -37.2311
152.294 -34.9528
152.361 -34.1552
152.394 -43.041
152.461 -36.9757
152.494 -41.3964
152.561 -30.3988
152.594 -47.1246
152.661 -36.9976
152.694 -39.4003
152.761 -39.2142
152.794 -37.3062
152.861 -36.449
152.895 -41.399
152.961 -38.7482
152.995 -44.2822
153.061 -28.787
153.095 -38.1998
153.161 -43.682
153.195 -34.9617
153.262 -35.1239
153.295 -42.1774
153.362 -45.4319
153.395 -35.4247
153.462 -39.3676
153.495 -31.6287
153.562 -39.6895
153.595 -33.7387
153.662 -41.7878
153.695 -34.0843
153.762 -47.8627
153.795 -39.235
153.862 -44.8361
153.896 -44.026
153.962 -38.0011
153.996 -40.0081
154.062 -45.0995
154.096 -49.6716
154.162 -31.9005
154.196 -42.8693
154.263 -37.6234
154.296 -29.5196
154.363 -40.3501
154.396 -40.2096
154.463 -33.0119
154.496 -35.5375
154.563 -39.3574
154.596 -46.6961
154.663 -31.4463
154.696 -33.6508
154.763 -33.1278
154.796 -35.2213
154.863 -35.5415
154.897 -26.8096
154.963 -31.6503
154.997 -37.255
155.063 -33.0942
155.097 -32.907
155.163 -40.0379
155.197 -42.3448
155.264 -37.319
155.297 -43.9474
155.364 -49.7482
155.397 -49.4959
155.464 -37.3337
155.497 -39.7913
155.564 -32.1509
155.597 -33.2726
155.664 -35.5196
155.697 -35.9023
155.764 -43.7418
155.797 -32.6424
155.864 -42.3115
155.898 -37.6738
155.964 -40.6902
155.998 -43.1125
156.064 -37.455
156.098 -28.5765
156.164 -48.6998
156.198 -39.4482
156.265 -38.4074
156.298 -42.3011
156.365 -58.3468
156.398 -47.3052
156.465 -39.9248
156.498 -37.6748
156.565 -46.3255
156.598 -38.2098
156.665 -39.2979
156.698 -43.64
156.765 -37.7936
156.798 -38.5084
156.865 -26.6168
156.899 -41.7241
156.965 -33.3414
156.999 -35.9609
157.065 -36.0772
157.099 -34.0583
157.165 -43.9787
157.199 -48.8091
157.266 -37.006
157.299 -31.0677
157.366 -50.9408
157.399 -43.3606
157.466 -39.0628
157.499 -46.9472
157.566 -36.3771
157.599 -35.3305
157.666 -33.9536
157.699 -41.1689
157.766 -44.5098
157.799 -38.9829
157.866 -34.6459
157.9 -31.7604
157.966 -37.3015
158 -39.782
158.066 -44.679
158.1 -48.584
158.166 -46.5437
158.2 -34.0114
158.267 -37.8515
158.3 -35.0048
158.367 -41.3727
158.4 -49.5574
158.467 -39.9594
158.5 -34.596
158.567 -30.5837
158.6 -41.917
158.667 -42.8785
158.7 -38.3278
158.767 -26.6834
158.8 -28.2184
158.867 -35.2092
158.901 -31.8989
158.967 -44.2514
159.001 -37.1828
159.067 -45.9269
159.101 -50.4669
159.167 -41.2059
159.201 -41.1126
159.268 -46.858
159.301 -33.0855
159.368 -31.2651
159.401 -42.3401
159.468 -38.2672
159.501 -37.4296
159.568 -42.8326
159.601 -32.6897
159.668 -36.8123
159.701 -40.5004
159.768 -37.035
159.801 -36.8673
159.868 -37.8185
159.902 -36.0201
159.968 -32.917
160.002 -38.6584
160.068 -45.2017
160.102 -34.0997
160.168 -44.8982
160.202 -40.9852
160.269 -44.7479
160.302 -51.7088
160.369 -43.2747
160.402 -43.1195
160.469 -41.1801
160.502 -40.8468
160.569 -37.776
160.602 -43.2375
160.669 -38.0312
160.702 -42.8647
160.769 -42.7925
160.802 -35.7224
160.869 -33.7158
160.903 -29.7758
160.969 -37.4426
161.003 -28.9701
161.069 -37.2711
161.103 -52.2128
161.169 -39.0087
161.203 -36.3531
161.27 -33.7601
161.303 -38.7916
161.37 -32.6353
161.403 -37.6318
161.47 -43.4671
161.503 -46.044
161.57 -38.454
161.603 -41.2123
161.67 -34.4749
161.703 -38.3337
161.77 -29.9768
161.803 -36.0138
161.87 -32.0855
161.904 -28.1632
161.97 -30.0374
162.004 -35.6602
162.07 -35.6318
162.104 -34.4629
162.17 -43.352
162.204 -39.5159
162.271 -41.4967
162.304 -37.8538
162.371 -46.2565
162.404 -37.9544
162.471 -38.1226
162.504 -51.4465
162.571 -38.1987
162.604 -38.6686
162.671 -45.5429
162.704 -47.246
162.771 -29.3364
162.804 -41.0535
162.871 -43.0881
162.905 -34.882
162.971 -38.0946
163.005 -36.1622
163.071 -33.7754
163.105 -29.8946
163.171 -35.3286
163.205 -35.8621
163.272 -44.248
163.305 -45.0753
163.372 -41.782
163.405 -43.5383
163.472 -50.1829
163.505 -40.8703
163.572 -44.0621
163.605 -42.355
163.672 -35.2108
163.705 -43.5212
163.772 -34.7341
163.805 -32.4728
163.872 -43.2651
163.906 -38.4275
163.972 -47.2712
164.006 -35.9315
164.072 -34.6665
164.106 -48.154
164.172 -37.6146
164.206 -32.4753
164.273 -27.1833
164.306 -37.7398
164.373 -31.5941
164.406 -47.0647
164.473 -39.7478
164.506 -32.5905
164.573 -37.8207
164.606 -35.9171
164.673 -31.8202
164.706 -33.7431
164.773 -39.0331
164.806 -28.6319
164.873 -37.682
164.907 -39.8573
164.973 -47.6638
165.007 -34.2324
165.073 -35.7458
165.107 -34.2467
165.173 -33.4236
165.207 -40.2315
165.274 -46.1721
165.307 -39.5434
165.374 -45.033
165.407 -45.6194
165.474 -36.0571
165.507 -43.7532
165.574 -39.122
165.607 -48.4835
165.674 -36.4253
165.707 -36.7671
165.774 -37.0416
165.807 -31.9193
165.874 -35.969
165.908 -38.4735
165.974 -50.8293
166.008 -33.2323
166.074 -48.5956
166.108 -43.3657
166.174 -39.8972
166.208 -42.0836
166.275 -29.7944
166.308 -41.7596
166.375 -31.516
166.408 -37.0258
166.475 -43.96
166.508 -48.3208
166.575 -48.8612
166.608 -39.3869
166.675 -32.9851
166.708 -32.8457
166.775 -35.5747
166.808 -42.0093
166.875 -40.8834
166.909 -33.8227
